Source_Name,Black_Hole_Mass,Redshift,L1.4​ (erg/s),logLline​ (erg/s)
SDSS_J010852.48-003919.4,1.99E+08,0.045,38.83,41.93
SDSS_J011204.61-001442.4,1.99E+08,0.044,39.03,41.55
SDSS_J011515.78+001248.4,3.16E+08,0.045,39.42,41.79
SDSS_J015127.10-083019.3,1.00E+08,0.018,38.54,41.48
SDSS_J020835.81-083754.8,3.16E+08,0.034,39.00,41.88
SDSS_J075354.98+130916.5,7.94E+08,0.048,38.72,41.63
SDSS_J080716.58+145703.3,1.99E+08,0.029,38.86,41.27
SDSS_J083158.49+562052.3,1.99E+08,0.045,38.75,41.83
SDSS_J083511.98+051829.2,3.16E+08,0.046,38.82,41.66
SDSS_J084102.73+595610.5,2.51E+08,0.038,38.59,41.76
SDSS_J084701.88+100106.6,3.16E+08,0.048,39.23,41.61
SDSS_J090652.79+412429.7,1.00E+08,0.027,39.06,41.57
SDSS_J090734.91+325722.9,5.01E+07,0.049,39.54,41.48
SDSS_J090937.44+192808.2,2.51E+08,0.028,39.21,41.98
SDSS_J091039.92+184147.6,1.26E+08,0.028,39.07,41.34
SDSS_J091601.78+173523.3,1.99E+08,0.029,38.79,41.90
SDSS_J091754.25+133145.5,1.00E+08,0.05,39.25,41.84
SDSS_J093003.56+341325.3,2.51E+08,0.042,39.25,42.09
SDSS_J093346.08+100909.0,1.58E+08,0.011,38.31,41.37
SDSS_J093938.62+385358.6,1.26E+08,0.046,38.60,41.75
SDSS_J094319.15+361452.1,7.94E+07,0.022,39.04,41.99
SDSS_J100549.83+003800.0,6.31E+08,0.021,38.50,41.69
SDSS_J101329.65+075415.6,5.01E+08,0.046,38.71,42.02
SDSS_J101806.67+000559.7,5.01E+07,0.048,39.01,42.81
SDSS_J102403.28+420629.8,1.58E+08,0.044,38.55,41.44
SDSS_J102511.50+171519.9,7.94E+08,0.045,38.80,41.65
SDSS_J102544.22+102230.4,3.16E+08,0.046,39.70,41.64
SDSS_J103719.33+433515.3,2.51E+08,0.025,39.40,41.86
SDSS_J103952.47+205049.3,1.26E+08,0.046,38.65,41.99
SDSS_J104028.37+091057.1,1.99E+08,0.019,38.87,41.68
SDSS_J104403.68+435412.0,1.58E+08,0.025,38.78,41.44
SDSS_J104811.90+045954.8,1.26E+08,0.034,39.24,42.11
SDSS_J104852.92+480314.8,1.26E+08,0.041,39.00,42.78
SDSS_J105731.16+405646.1,5.01E+08,0.025,38.93,41.62
SDSS_J111113.18+284147.0,1.99E+08,0.029,39.02,41.77
SDSS_J111622.70+291508.2,5.01E+08,0.045,39.65,41.80
SDSS_J111700.10+323550.9,1.58E+08,0.035,38.82,42.11
SDSS_J112029.23+040742.1,2.51E+08,0.05,38.76,42.11
SDSS_J112256.47+340641.3,5.01E+08,0.043,38.98,42.12
SDSS_J112625.19+520503.4,7.94E+07,0.048,38.81,41.85
SDSS_J112727.52+400409.4,3.98E+07,0.035,38.71,41.89
SDSS_J113449.29+490439.4,6.31E+08,0.033,39.04,41.37
SDSS_J113637.14+510008.5,1.99E+08,0.05,38.84,41.51
SDSS_J114230.94-021505.3,1.99E+08,0.047,38.78,41.77
SDSS_J114232.84+262919.9,1.00E+09,0.03,39.06,41.10
SDSS_J114804.60+372638.0,5.01E+08,0.042,39.20,41.53
SDSS_J115531.39+545200.4,2.51E+08,0.05,39.38,41.93
SDSS_J120551.46+203119.0,1.00E+08,0.024,39.19,41.41
SDSS_J120607.81+400902.6,2.51E+08,0.037,38.60,41.90
SDSS_J121329.27+504429.4,5.01E+08,0.031,39.45,42.29
SDSS_J121951.65+282521.3,2.51E+08,0.027,38.28,41.08
SDSS_J122421.31+600641.2,5.01E+08,0.044,38.56,41.60
SDSS_J123011.85+470022.7,2.51E+08,0.039,39.64,42.16
SDSS_J124318.73+033300.6,1.99E+08,0.048,39.66,42.25
SDSS_J124633.75+115347.8,3.98E+08,0.047,39.62,42.45
SDSS_J125027.42+001345.6,1.26E+08,0.047,39.57,42.39
SDSS_J125409.12-011527.1,1.26E+08,0.047,38.72,41.73
SDSS_J130404.99+075428.4,5.01E+08,0.046,38.84,41.99
SDSS_J130837.91+434415.1,3.98E+08,0.036,39.36,42.23
SDSS_J133042.51+323249.0,7.94E+07,0.034,38.80,41.95
SDSS_J133455.94+134431.7,5.01E+08,0.023,38.80,41.79
SDSS_J133621.18+031951.0,1.58E+08,0.023,38.68,41.68
SDSS_J133737.49+155820.0,3.98E+08,0.026,38.74,41.75
SDSS_J134159.72+294653.5,1.26E+08,0.045,38.81,41.78
SDSS_J135036.01+334217.3,1.26E+08,0.014,38.77,41.66
SDSS_J135226.71+140528.5,7.94E+08,0.023,38.61,41.39
SDSS_J140528.32+304602.0,2.51E+07,0.025,38.14,41.31
SDSS_J141451.35+030751.2,1.58E+08,0.025,38.70,41.91
SDSS_J141517.98-022641.0,5.01E+08,0.047,39.11,42.00
SDSS_J142724.23+372817.0,6.31E+08,0.032,38.81,41.42
SDSS_J143156.59+164615.4,3.98E+08,0.048,38.79,41.55
SDSS_J143312.96+525747.3,2.51E+08,0.047,39.03,41.87
SDSS_J143424.79+024756.2,1.26E+08,0.028,38.24,41.36
SDSS_J143620.38+051951.5,5.01E+08,0.029,38.68,41.80
SDSS_J144745.52+132032.2,1.00E+08,0.044,38.60,42.04
SDSS_J145216.49+121711.5,1.00E+08,0.031,38.37,41.42
SDSS_J145243.25+165413.4,5.01E+08,0.046,39.06,42.06
SDSS_J145616.20+203120.6,1.00E+09,0.045,39.21,41.68
SDSS_J150152.30+174228.2,1.99E+08,0.047,39.10,41.83
SDSS_J150425.68+074929.7,1.99E+08,0.049,38.76,41.68
SDSS_J150601.89+084723.2,2.51E+08,0.046,38.73,41.50
SDSS_J150636.57+092618.3,3.16E+07,0.028,38.82,41.31
SDSS_J150808.25+265457.6,1.26E+08,0.033,38.83,41.53
SDSS_J152010.94+254319.3,3.98E+08,0.034,38.81,41.70
SDSS_J152151.85+074231.7,3.98E+08,0.044,38.84,41.40
SDSS_J153016.15+270551.0,1.58E+08,0.033,38.64,41.88
SDSS_J154147.28+453321.7,1.99E+08,0.037,38.57,41.76
SDSS_J154426.93+470024.2,3.98E+08,0.038,38.89,41.96
SDSS_J154451.23+433050.6,1.99E+08,0.037,38.68,41.80
SDSS_J155951.61+255626.3,3.16E+08,0.045,39.96,41.50
SDSS_J155953.99+444232.4,1.00E+08,0.042,39.51,42.00
SDSS_J160426.51+174431.1,1.99E+08,0.041,39.69,42.22
SDSS_J160523.84+143851.6,3.98E+08,0.041,38.65,41.53
SDSS_J160641.83+084436.8,1.00E+08,0.047,38.80,41.84
SDSS_J161238.84+293836.9,3.16E+08,0.032,38.93,41.73
SDSS_J161256.85+095201.5,1.58E+08,0.017,38.27,41.51
SDSS_J162146.06+254914.4,1.26E+08,0.048,38.81,41.77
SDSS_J162846.13+252940.9,3.16E+08,0.04,39.09,41.80
SDSS_J162944.98+404841.6,3.98E+08,0.029,38.29,41.36
SDSS_J164925.86+360321.3,1.26E+08,0.032,38.57,41.62
SDSS_J165830.05+252324.9,1.99E+08,0.033,38.64,41.85
SDSS_J170358.49+241039.5,6.31E+08,0.031,38.98,41.82
SDSS_J171522.97+572440.2,6.31E+08,0.027,39.10,41.65
SDSS_J172215.41+304239.8,3.98E+08,0.046,38.72,41.40