E_prime_GeV_total,rate_acc,rate_acc_2,rate_sync,rate_Op,rate_pg,rate_photodisintegration,t_ad_val,Shear,ESC
45.03864132239823,7.221391594466945,722.1391594466943,1.280978489110559e-15,7.322591415529283e-10,3.2285428248194854e-14,1.6142812088946818e-14,2.0372103505292916e-06,1.2711758089888084e-12,28320236859004.73
45.03864132239823,7.221391594466945,722.1391594466943,1.280978489110559e-15,7.322591415529283e-10,3.2285428248194854e-14,1.6142812088946818e-14,2.0372103505292916e-06,1.2711758089888084e-12,28320236859004.73
45.03864132239823,7.221391594466945,722.1391594466943,1.280978489110559e-15,7.322591415529283e-10,3.2285428248194854e-14,1.6142812088946818e-14,2.0372103505292916e-06,1.2711758089888084e-12,28320236859004.73
45.03864132239823,7.221391594466945,722.1391594466943,1.280978489110559e-15,7.322591415529283e-10,3.2285428248194854e-14,1.6142812088946818e-14,2.0372103505292916e-06,1.2711758089888084e-12,28320236859004.73
45.03864132239823,7.221391594466945,722.1391594466943,1.280978489110559e-15,7.322591415529283e-10,3.2285428248194854e-14,1.6142812088946818e-14,2.0372103505292916e-06,1.2711758089888084e-12,28320236859004.73
45.03864132239823,7.221391594466945,722.1391594466943,1.280978489110559e-15,7.322591415529283e-10,3.2285428248194854e-14,1.6142812088946818e-14,2.0372103505292916e-06,1.2711758089888084e-12,28320236859004.73
45.03864132239823,7.221391594466945,722.1391594466943,1.280978489110559e-15,7.322591415529283e-10,3.2285428248194854e-14,1.6142812088946818e-14,2.0372103505292916e-06,1.2711758089888084e-12,28320236859004.73
45.03864132239823,7.221391594466945,722.1391594466943,1.280978489110559e-15,7.322591415529283e-10,3.2285428248194854e-14,1.6142812088946818e-14,2.0372103505292916e-06,1.2711758089888084e-12,28320236859004.73
45.03864132239823,7.221391594466945,722.1391594466943,1.280978489110559e-15,7.322591415529283e-10,3.2285428248194854e-14,1.6142812088946818e-14,2.0372103505292916e-06,1.2711758089888084e-12,28320236859004.73
45.03864132239823,7.221391594466945,722.1391594466943,1.280978489110559e-15,7.322591415529283e-10,3.2285428248194854e-14,1.6142812088946818e-14,2.0372103505292916e-06,1.2711758089888084e-12,28320236859004.73
45.03864132239823,7.221391594466945,722.1391594466943,1.280978489110559e-15,7.322591415529283e-10,3.2285428248194854e-14,1.6142812088946818e-14,2.0372103505292916e-06,1.2711758089888084e-12,28320236859004.73
45.03864132239823,7.221391594466945,722.1391594466943,1.280978489110559e-15,7.322591415529283e-10,3.2285428248194854e-14,1.6142812088946818e-14,2.0372103505292916e-06,1.2711758089888084e-12,28320236859004.73
45.03864132239823,7.221391594466945,722.1391594466943,1.280978489110559e-15,7.322591415529283e-10,3.2285428248194854e-14,1.6142812088946818e-14,2.0372103505292916e-06,1.2711758089888084e-12,28320236859004.73
45.03864132239823,7.221391594466945,722.1391594466943,1.280978489110559e-15,7.322591415529283e-10,3.2285428248194854e-14,1.6142812088946818e-14,2.0372103505292916e-06,1.2711758089888084e-12,28320236859004.73
45.03864132239823,7.221391594466945,722.1391594466943,1.280978489110559e-15,7.322591415529283e-10,3.2285428248194854e-14,1.6142812088946818e-14,2.0372103505292916e-06,1.2711758089888084e-12,28320236859004.73
45.03864132239823,7.221391594466945,722.1391594466943,1.280978489110559e-15,7.322591415529283e-10,3.2285428248194854e-14,1.6142812088946818e-14,2.0372103505292916e-06,1.2711758089888084e-12,28320236859004.73
45.03864132239823,7.221391594466945,722.1391594466943,1.280978489110559e-15,7.322591415529283e-10,3.2285428248194854e-14,1.6142812088946818e-14,2.0372103505292916e-06,1.2711758089888084e-12,28320236859004.73
45.03864132239823,7.221391594466945,722.1391594466943,1.280978489110559e-15,7.322591415529283e-10,3.2285428248194854e-14,1.6142812088946818e-14,2.0372103505292916e-06,1.2711758089888084e-12,28320236859004.73
45.03864132239823,7.221391594466945,722.1391594466943,1.280978489110559e-15,7.322591415529283e-10,3.2285428248194854e-14,1.6142812088946818e-14,2.0372103505292916e-06,1.2711758089888084e-12,28320236859004.73
45.03864132239823,7.221391594466945,722.1391594466943,1.280978489110559e-15,7.322591415529283e-10,3.2285428248194854e-14,1.6142812088946818e-14,2.0372103505292916e-06,1.2711758089888084e-12,28320236859004.73
45.03864132239823,7.221391594466945,722.1391594466943,1.280978489110559e-15,7.322591415529283e-10,3.2285428248194854e-14,1.6142812088946818e-14,2.0372103505292916e-06,1.2711758089888084e-12,28320236859004.73
45.03864132239823,7.221391594466945,722.1391594466943,1.280978489110559e-15,7.322591415529283e-10,3.2285428248194854e-14,1.6142812088946818e-14,2.0372103505292916e-06,1.2711758089888084e-12,28320236859004.73
45.03864132239823,7.221391594466945,722.1391594466943,1.280978489110559e-15,7.322591415529283e-10,3.2285428248194854e-14,1.6142812088946818e-14,2.0372103505292916e-06,1.2711758089888084e-12,28320236859004.73
45.03864132239823,7.221391594466945,722.1391594466943,1.280978489110559e-15,7.322591415529283e-10,3.2285428248194854e-14,1.6142812088946818e-14,2.0372103505292916e-06,1.2711758089888084e-12,28320236859004.73
45.03864132239823,7.221391594466945,722.1391594466943,1.280978489110559e-15,7.322591415529283e-10,3.2285428248194854e-14,1.6142812088946818e-14,2.0372103505292916e-06,1.2711758089888084e-12,28320236859004.73
45.03864132239823,7.221391594466945,722.1391594466943,1.280978489110559e-15,7.322591415529283e-10,3.2285428248194854e-14,1.6142812088946818e-14,2.0372103505292916e-06,1.2711758089888084e-12,28320236859004.73
45.03864132239823,7.221391594466945,722.1391594466943,1.280978489110559e-15,7.322591415529283e-10,3.2285428248194854e-14,1.6142812088946818e-14,2.0372103505292916e-06,1.2711758089888084e-12,28320236859004.73
45.03864132239823,7.221391594466945,722.1391594466943,1.280978489110559e-15,7.322591415529283e-10,3.2285428248194854e-14,1.6142812088946818e-14,2.0372103505292916e-06,1.2711758089888084e-12,28320236859004.73
41.501954506388216,7.8367794900289605,783.677949002896,1.180388870929144e-15,7.13644013438191e-10,2.7525982211647747e-14,1.3877326489267199e-14,2.0372103505292916e-06,1.1713559522506834e-12,30733612554602.53
30.93263247252127,10.514516220392936,1051.4516220392934,8.797786888201938e-16,5.645963954820752e-10,1.529093503899952e-14,7.835579639398636e-15,2.0372103505292916e-06,8.730461877378175e-13,41234931788982.375
27.082069872337517,12.009483300387991,1200.9483300387988,7.702618890903578e-16,4.2732970869633876e-10,1.1646485946013278e-14,6.156185929406008e-15,2.0372103505292916e-06,7.643674646539482e-13,47097766015326.51
24.712993713358536,13.160755416530929,1316.0755416530926,7.028811797791393e-16,3.0016502936347645e-10,9.624813523615176e-15,5.201047119142808e-15,2.0372103505292916e-06,6.97502385812226e-13,51612726683477.664
23.12291603405349,14.065772041588074,1406.5772041588073,6.576565627969291e-16,1.9543456126762737e-10,8.372760373320896e-15,4.66506167477266e-15,2.0372103505292916e-06,6.526238499372896e-13,55161943596543.76
22.04826738374193,14.751348040690335,1475.1348040690332,6.270916575515259e-16,1.202508613773118e-10,7.574414461318145e-15,4.401756540209156e-15,2.0372103505292916e-06,6.222928424439715e-13,57850577002645.32
21.36045108459102,15.226348197599659,1522.6348197599655,6.075289474474408e-16,7.414363216139628e-11,7.084107742855866e-15,4.181590138374551e-15,2.0372103505292916e-06,6.028798358603552e-13,59713392053700.5
20.988245012781046,15.496372644483532,1549.6372644483529,5.969427495181572e-16,5.137813926138102e-11,6.8255720282096745e-15,4.044193548259269e-15,2.0372103505292916e-06,5.923746487465448e-13,60772350869800.766
20.88966858925478,15.569498600809581,1556.949860080958,5.941390619653579e-16,4.5747422253139325e-11,6.7579382663090285e-15,4.006439003642016e-15,2.0372103505292916e-06,5.895924163957454e-13,61059130000471.61
21.039608597524854,15.458541653195978,1545.8541653195975,5.984036205668516e-16,5.4385867252886585e-11,6.8605679505239935e-15,4.063969568708361e-15,2.0372103505292916e-06,5.938243404883958e-13,60623988518880.01
21.423658248388204,15.18142523097088,1518.1425230970879,6.09326670797981e-16,7.820318105676873e-11,7.128412329972312e-15,4.202418774591541e-15,2.0372103505292916e-06,6.046638021438545e-13,59537216999530.77
22.034779925450874,14.760377320406711,1476.0377320406708,6.26708050421374e-16,1.193169102687383e-10,7.564573935775965e-15,4.39772309713064e-15,2.0372103505292916e-06,6.219121708650575e-13,57885987260749.85
22.87139127017328,14.220458302242756,1422.0458302242753,6.505027543660135e-16,1.7789505130735536e-10,8.182234738282747e-15,4.607290269581015e-15,2.0372103505292916e-06,6.455247859820203e-13,55768578963601.11
23.936228957316654,13.5878406933587,1358.7840693358698,6.80788618494569e-16,2.506301874698102e-10,9.002324470244188e-15,4.894425720198451e-15,2.0372103505292916e-06,6.755788877189457e-13,53287633249689.0
25.23566656653641,12.888174164698416,1288.8174164698414,7.177469186670024e-16,3.313890140042058e-10,1.0055636890781275e-14,5.437896216367734e-15,2.0372103505292916e-06,7.122543647233761e-13,50543740808077.2
26.779313445526835,12.145257813773634,1214.525781377363,7.616509617000683e-16,4.131094645332627e-10,1.1377974558496608e-14,6.068471858249935e-15,2.0372103505292916e-06,7.558224323333075e-13,47630234906979.43
28.579797085776836,11.380125089608825,1138.0125089608823,8.128598957495227e-16,4.896661216426767e-10,1.3010117300934245e-14,6.606842206092878e-15,2.0372103505292916e-06,8.066394903254121e-13,44629602730554.375
30.652671889797972,10.610548634751389,1061.0548634751387,8.718161154889897e-16,5.569370796822078e-10,1.5010906379122845e-14,7.668431380403815e-15,2.0372103505292916e-06,8.651445479507558e-13,41611543510587.01
33.01641987400159,9.850906522057105,985.0906522057104,9.390452821010265e-16,6.129817983751316e-10,1.7451664945898875e-14,8.864475695640949e-15,2.0372103505292916e-06,9.318592437728832e-13,38632443945336.97
35.69252216232466,9.112319504702524,911.2319504702523,1.0151583566820883e-15,6.576343043856534e-10,2.0414413472671686e-14,9.982061665299362e-15,2.0372103505292916e-06,1.007389863512163e-12,35735916454916.11
38.70558826619202,8.402964027699985,840.2964027699983,1.1008552771929384e-15,6.918816380564163e-10,2.3998679510647397e-14,1.2243318349997579e-14,2.0372103505292916e-06,1.0924309888583572e-12,32954026723117.527
42.0835353193283,7.728477738475546,772.8477738475545,1.1969300562131944e-15,7.172842938855042e-10,2.8286340541551485e-14,1.4158763497635855e-14,2.0372103505292916e-06,1.1877705562146316e-12,30308883994169.965
45.857812850763096,7.092393763527821,709.239376352782,1.304277173882503e-15,7.355521644902853e-10,3.343627182783596e-14,1.6952478956169388e-14,2.0372103505292916e-06,1.2942962007167876e-12,27814344181851.902
50.06367102526384,6.496560464126774,649.6560464126773,1.4238992071321148e-15,7.482887973952944e-10,3.960703661787652e-14,2.1193324692871055e-14,2.0372103505292916e-06,1.4130028270821872e-12,25477656031544.562
54.7404719634318,5.941521039297009,594.1521039297008,1.5569156841781468e-15,7.568691014606485e-10,4.6966872932708166e-14,2.4533974698280108e-14,2.0372103505292916e-06,1.5450013963440614e-12,23300949814794.242
59.93204502055483,5.426840778755845,542.6840778755844,1.704573189279511e-15,7.624047346260543e-10,5.568594983690268e-14,3.147857588697615e-14,2.0372103505292916e-06,1.6915289532828385e-12,21282520721937.94
65.68708790841475,4.951378973067757,495.1378973067756,1.8682567713504264e-15,7.657582920152839e-10,6.604114439614103e-14,3.8201753788963575e-14,2.0372103505292916e-06,1.853959947734318e-12,19417895216126.316
72.05961638702567,4.513508150320072,451.35081503200706,2.0495027339875236e-15,7.675793500762237e-10,7.831565423916458e-14,4.605976215379512e-14,2.0372103505292916e-06,2.0338189267411717e-12,17700690816995.945
79.10946599966309,4.1112863266345805,411.128632663458,2.2500129057000497e-15,7.683462517898808e-10,9.283617484770731e-14,6.011346338545008e-14,2.0372103505292916e-06,2.232794695580297e-12,16123291618015.826
86.90285001968286,3.742589176282634,374.25891762826336,2.4716705089026255e-15,7.6840531980565e-10,1.0982211833750093e-13,7.150553724788793e-14,2.0372103505292916e-06,2.452756065318206e-12,14677366619957.611
95.51297845353461,3.405209125899079,340.5209125899078,2.7165577654539963e-15,7.680040549512294e-10,1.29842420917204e-13,8.983494099154886e-14,2.0372103505292916e-06,2.695769323623491e-12,13354258350121.355
105.0207436246977,3.09692785107352,309.69278510735194,2.9869753958747792e-15,7.673175707262593e-10,1.533359437632316e-13,1.1510263693883012e-13,2.0372103505292916e-06,2.9641175847669354e-12,12145267173276.0
115.51547856630418,2.815567834791025,281.5567834791025,3.2854641893728465e-15,7.664688086324497e-10,1.8090262249880247e-13,1.3674328696172566e-13,2.0372103505292916e-06,3.2603221945824024e-12,11041853489149.117
127.09579519084929,2.5590277426833006,255.90277426833,3.614828842869943e-15,7.655435674702713e-10,2.1290432637190912e-13,1.7402475642048288e-13,2.0372103505292916e-06,3.587166387065446e-12,10035776464065.982
139.87050999642412,2.325305497778575,232.53054977785746,3.978164289721565e-15,7.646014508569207e-10,2.502403705462134e-13,2.1946506214975184e-13,2.0372103505292916e-06,3.947721411612825e-12,9119184523533.123
153.95966592190626,2.1125121565069653,211.2512156506965,4.3788847630829976e-15,7.636837212993418e-10,2.9377221295882476e-13,2.6250610814620415e-13,2.0372103505292916e-06,4.3453753739813e-12,8284669769971.161
169.4956598895056,1.9188790207596085,191.8879020759608,4.82075586521034e-15,7.628188706554868e-10,3.4434341645722597e-13,3.2945381728259826e-13,2.0372103505292916e-06,4.783865060178538e-12,7525295874180.961
186.6244865827951,1.742759869442353,174.27598694423529,5.307929942703987e-15,7.620265365090564e-10,4.028800563432515e-13,4.1408977338326643e-13,2.0372103505292916e-06,5.267311040997747e-12,6834606826860.332
205.5071101129436,1.5826297479100855,158.26297479100853,5.844985099118398e-15,7.613202371804652e-10,4.704407152962575e-13,4.969627924355641e-13,2.0372103505292916e-06,5.800256386083692e-12,6206622191110.942
226.32097643677693,1.4370814009042367,143.70814009042365,6.436968210802403e-15,7.607092719033889e-10,5.486052811408108e-13,6.10251442837905e-13,2.0372103505292916e-06,6.387709350594543e-12,5635823113437.256
249.26168071974985,1.3048201590097364,130.4820159009736,7.089442349646386e-15,7.602000358044263e-10,6.388104636967352e-13,7.608852422935903e-13,2.0372103505292916e-06,7.0351904350467676e-12,5117132269890.104
274.54480529802413,1.1846578758564434,118.46578758564432,7.808539057969278e-15,7.597969272143416e-10,7.428485034114892e-13,9.245036567141671e-13,2.0372103505292916e-06,7.748784260168872e-12,4645890089501.014
302.4079455007822,1.0755063506455946,107.55063506455944,8.60101596648238e-15,7.595029723337036e-10,8.620624828768598e-13,1.1123283320937858e-12,2.0372103505292916e-06,8.535196743944115e-12,4217828959308.1367
333.1129423620774,0.9763705473750596,97.63705473750593,9.474320296556961e-15,7.593202546457713e-10,9.98757697238303e-13,1.3585187694250917e-12,2.0372103505292916e-06,9.401818117927371e-12,3829046632092.921
366.9483431978494,0.8863418295812169,88.63418295812167,1.0436658843379481e-14,7.592502098170851e-10,1.1558243902984576e-12,1.6647178084532139e-12,2.0372103505292916e-06,1.0356792374854685e-11,3475979694968.5513
404.2321131666152,0.8045913604536435,80.45913604536435,1.1497075097525758e-14,7.592938281168926e-10,1.3354390799783424e-12,2.0028060426070706e-12,2.0372103505292916e-06,1.1409093800045076e-11,3155377686513.347
445.31462329209205,0.7303637672334975,73.03637672334973,1.2665534229600667e-14,7.594517933425191e-10,1.5412941771968321e-12,2.3846238461495803e-12,2.0372103505292916e-06,1.2568611305695781e-11,2864278250349.4004
490.58194302492313,0.6629711315225779,66.29711315225778,1.3953016736507671e-14,7.597245781912899e-10,1.7756538015385482e-12,2.873687319833553e-12,2.0372103505292916e-06,1.384624136052428e-11,2599983566849.8623
540.4594682831897,0.6017873401402936,60.17873401402935,1.5371621629327422e-14,7.601125097709049e-10,2.0424501686728694e-12,3.498874117627071e-12,2.0372103505292916e-06,1.525399038800228e-11,2360038198812.232
595.415919064502,0.5462428118864998,54.62428118864997,1.6934680132464693e-14,7.60615814637341e-10,2.3464292071780024e-12,4.15572307343602e-12,2.0372103505292916e-06,1.6805087595420624e-11,2142208411327.1733
655.9677441958592,0.4958196020301073,49.58196020301072,1.8656880962512348e-14,7.612346497934042e-10,2.692999664056394e-12,4.8908485290774445e-12,2.0372103505292916e-06,1.8514109294057495e-11,1944462972980.017
722.6839746137712,0.4500468770538315,45.00468770538314,2.0554408364107996e-14,7.619691240538467e-10,3.087170985600191e-12,5.8429693693437504e-12,2.0372103505292916e-06,2.039711587871654e-11,1764955409091.1626
796.1915707823578,0.40849674601828245,40.849674601828234,2.2645094199947307e-14,7.628193127944139e-10,3.5351015728985697e-12,7.03855673495728e-12,2.0372103505292916e-06,2.2471802753872268e-11,1602007653515.7646
877.1813145009392,0.37078043101820984,37.07804310182098,2.494858552419571e-14,7.637852681517903e-10,4.039747341990231e-12,8.303477195461698e-12,2.0372103505292916e-06,2.4757666624727192e-11,1454095030266.0718
966.4143004685559,0.33654475695784725,33.65447569578472,2.748652921404623e-14,7.648670260911959e-10,4.612177784491191e-12,9.684004635232759e-12,2.0372103505292916e-06,2.7276188715877882e-11,1319832487412.1384
1064.7290886091607,0.3054689398001104,30.546893980011035,3.028277539447765e-14,7.660646113135416e-10,5.261337461380595e-12,1.1436316903967164e-11,2.0372103505292916e-06,3.005103663936631e-11,1197962001511.8103
1173.0495843706879,0.2772616521971339,27.726165219713387,3.336360156787518e-14,7.673780406696586e-10,5.9956135671578316e-12,1.354000492630094e-11,2.0372103505292916e-06,3.310828680914998e-11,1087341069851.1544
1292.39372105237,0.25165834572992235,25.16583457299223,3.675795955475071e-14,7.688073255406868e-10,6.826323923697536e-12,1.597699234099649e-11,2.0372103505292916e-06,3.647666949210987e-11,986932209032.5988
1423.8830257516638,0.22841880968423228,22.841880968423226,4.049774756616514e-14,7.703524735009076e-10,7.765518801756947e-12,1.8569109564891033e-11,2.0372103505292916e-06,4.018783879844011e-11,895793381190.6637
1568.753158825964,0.2073249472308219,20.732494723082183,4.461810996463016e-14,7.720134894813246e-10,8.816099924354503e-12,2.159668711015637e-11,2.0372103505292916e-06,4.427667014863134e-11,813069272805.5753
1728.3655259127606,0.18817875096184644,18.81787509618464,4.9157767530466285e-14,7.737903765850168e-10,1.0003170159675836e-11,2.5211853556364807e-11,2.0372103505292916e-06,4.878158801246741e-11,737983355334.7887
1904.2200716313093,0.17080046089061005,17.080046089061003,5.4159381337269627e-14,7.756831366589692e-10,1.1341197587248694e-11,2.95001761171657e-11,2.0372103505292916e-06,5.374492699993738e-11,669830661413.7172
2097.9693751935224,0.15502688919936067,15.502688919936064,5.966995365597587e-14,7.776917706951888e-10,1.2848109279321684e-11,3.442007238230364e-11,2.0372103505292916e-06,5.921332969738359e-11,607971214994.6991
2311.4341803864577,0.14070989718487234,14.070989718487231,6.574126965498535e-14,7.798162791118517e-10,1.4544889185141147e-11,3.973908001733635e-11,2.0372103505292916e-06,6.523818498751912e-11,551824058362.2499
2546.620505868223,0.12771501098114854,12.77150109811485,7.24303840471922e-14,7.820566619499698e-10,1.645296878367196e-11,4.5926720925296896e-11,2.0372103505292916e-06,7.18761109723936e-11,500861823392.5733
2805.7384965698543,0.11592016371782374,11.592016371782371,7.98001572571418e-14,7.844129190104552e-10,1.858775155563704e-11,5.284826729304515e-11,2.0372103505292916e-06,7.918948703753466e-11,454605798657.8008
3091.223193357808,0.10521455279276934,10.521455279276932,8.79198461469075e-14,7.868850499490917e-10,2.098101827579634e-11,6.114100555111283e-11,2.0372103505292916e-06,8.724704005729854e-11,412621447975.2826
3405.757416138226,0.09549760189337511,9.549760189337508,9.686575485198316e-14,7.894730543417571e-10,2.366783696454448e-11,7.1003315162775e-11,2.0372103505292916e-06,9.612449025024484e-11,374514339751.29254
3752.2969754452433,0.08667801829123221,8.66780182912322,1.0672195184337379e-13,7.921769317286304e-10,2.6684815916164007e-11,8.146917897207013e-11,2.0372103505292916e-06,1.0590526275391383e-10,339926449959.82117
4134.098449437151,0.07867293675990206,7.867293675990204,1.1758105995441517e-13,7.94996681643581e-10,3.0064572607388746e-11,9.315452505314826e-11,2.0372103505292916e-06,1.1668127160597082e-10,308532804832.38934
4554.749787332596,0.07140714222685103,7.140714222685102,1.2954512679653963e-13,7.97932303633141e-10,3.385836443659955e-11,1.0693526289870016e-10,2.0372103505292916e-06,1.285537834991203e-10,280038432320.7909
5018.2040268801775,0.0648123639711758,6.481236397117579,1.4272658374365014e-13,8.009837972681944e-10,3.8103985113717866e-11,1.2153224739268823e-10,2.0372103505292916e-06,1.4163436942685807e-10,254175594142.0059
5528.816442718672,0.05882663482165593,5.882663482165593,1.572493024970821e-13,8.041511621506145e-10,4.2838007775084885e-11,1.397868787298529e-10,2.0372103505292916e-06,1.56045953163076e-10,230701272735.847
6091.385474726706,0.053393709398496136,5.339370939849613,1.7324975916013994e-13,8.074343979164405e-10,4.812719179815749e-11,1.6128345784411888e-10,2.0372103505292916e-06,1.7192396642852553e-10,209394889775.10526
6711.197820982812,0.04846253598052167,4.846253598052166,1.9087831676150721e-13,8.10833504236724e-10,5.404509360692149e-11,1.8234511398810897e-10,2.0372103505292916e-06,1.8941762159972473e-10,190056234979.41925
7394.078119093414,0.04398677707122412,4.3986777071224115,2.1030063827994212e-13,8.143484808168508e-10,6.065992950169784e-11,2.0698620160525488e-10,2.0372103505292916e-06,2.0869131392049125e-10,172503585912.136
8146.44368276491,0.03992437418549622,3.9924374185496214,2.3169924344904245e-13,8.179793273948922e-10,6.805241279095856e-11,2.377639686568928e-10,2.0372103505292916e-06,2.2992616639326803e-10,156572001198.09436
8975.364808002889,0.036237152787569844,3.6237152787569835,2.5527522397204085e-13,8.21726043739403e-10,7.631553630795955e-11,2.675432902073066e-10,2.0372103505292916e-06,2.5332173186824786e-10,142111771202.96783
9888.63121566075,0.03289046368284913,3.2890463682849127,2.8125013326521267e-13,8.255886296469209e-10,8.554755443030263e-11,3.021429161184752e-10,2.0372103505292916e-06,2.790978683255314e-10,128987011674.38043
10894.82525472662,0.029852857505050394,2.9852857505050387,3.098680684886196e-13,8.295670849393684e-10,9.585926814121314e-11,3.477521187553518e-10,2.0372103505292916e-06,3.0749680497314264e-10,117074387173.3702
12003.402554270655,0.027095789248196243,2.709578924819624,3.4139796442990696e-13,8.336614094614734e-10,1.0730351654206671e-10,3.9344056702265364e-10,2.0372103505292916e-06,3.387854185768951e-10,106261952333.19635
13224.780881973062,0.02459335007320393,2.4593350073203926,3.761361207977488e-13,8.378716030783002e-10,1.2006486336569447e-10,4.395777202949467e-10,2.0372103505292916e-06,3.7325774141373844e-10,96448100081.3208
14570.438044273418,0.022322023873510587,2.232202387351058,4.1440898667496763e-13,8.421976656729233e-10,1.3429469909648983e-10,5.017991875637058e-10,2.0372103505292916e-06,4.1123772441686814e-10,87540606959.266
16053.019748151042,0.020260466315643752,2.0260466315643746,4.565762282980323e-13,8.466395971442896e-10,1.5016282576049522e-10,5.701861313265614e-10,2.0372103505292916e-06,4.5308228147905914e-10,79455766582.79425
17686.458438158228,0.018389304280956264,1.838930428095626,5.030341089921278e-13,8.511973974052641e-10,1.6788108581807937e-10,6.331164726023035e-10,2.0372103505292916e-06,4.991846435228024e-10,72117603109.63081
19486.104225468294,0.01669095382578771,1.6690953825787709,5.542192130244774e-13,8.558710663808699e-10,1.8758541621643267e-10,7.124669622484894e-10,2.0372103505292916e-06,5.499780538568636e-10,65457157331.171074
21468.869139333838,0.015149454950838186,1.5149454950838184,6.106125483705373e-13,8.606606040067154e-10,2.0956989818605227e-10,8.152326382132161e-10,2.0372103505292916e-06,6.059398395460826e-10,59411838685.12107
23653.38605654715,0.01375032162812701,1.3750321628127007,6.727440669484907e-13,8.655660102275942e-10,2.340439342436108e-10,9.151924667248924e-10,2.0372103505292916e-06,6.675958970548021e-10,53924837104.031525
26060.183802428797,0.012480405677010833,1.248040567701083,7.411976448005591e-13,8.7058728499625e-10,2.6127385757877886e-10,1.013536513786601e-09,2.0372103505292916e-06,7.3552563431737e-10,48944589175.89059
28711.880068843904,0.011327773210668546,1.1327773210668544,8.166165690220427e-13,8.757244282722894e-10,2.9145481905669985e-10,1.150842452232466e-09,2.0372103505292916e-06,8.103674156784898e-10,44424293602.49953
31633.393962176084,0.010281592492435944,1.0281592492435943,8.997095830010196e-13,8.809774400212341e-10,3.2505117025724916e-10,1.3092538306470861e-09,2.0372103505292916e-06,8.92824560871759e-10,40321471404.02297
34852.180178663046,0.009332032148476475,0.9332032148476473,9.912575467784003e-13,8.863463202136889e-10,3.624432913143156e-10,1.4482368141888794e-09,2.0372103505292916e-06,9.836719544113602e-10,36597566738.133545
38398.48700773752,0.008470168780510545,0.8470168780510544,1.0921207751185306e-12,8.918310688246216e-10,4.0403833526771107e-10,1.59852935813113e-09,2.0372103505292916e-06,1.0837633275081194e-09,33217584583.503353
42305.640587940616,0.007687903110595837,0.7687903110595835,1.2032471222493095e-12,8.974316858327404e-10,4.503466411598616e-10,1.8179156141998674e-09,2.0372103505292916e-06,1.1940392809412042e-09,30149761883.564606
46610.35808667747,0.006977883870082114,0.6977883870082112,1.325680889247459e-12,9.031481712199507e-10,5.018061068289928e-10,2.064095350678752e-09,2.0372103505292916e-06,1.3155361242796773e-09,27365269060.712288
51353.09274690114,0.006333438717600988,0.6333438717600987,1.4605726377755e-12,9.08980524970891e-10,5.590823067977525e-10,2.2710869472964496e-09,2.0372103505292916e-06,1.4493956145199139e-09,24837939096.375942
56578.414043269615,0.005748511536980204,0.5748511536980202,1.609190002394147e-12,9.149287470725304e-10,6.227672273503068e-10,2.5042466835627025e-09,2.0372103505292916e-06,1.5968756856568363e-09,22544021631.334606
62335.42652026719,0.005217605525904791,0.521760552590479,1.7729296030580667e-12,9.209928375138267e-10,6.935707455143565e-10,2.8559116612736942e-09,2.0372103505292916e-06,1.759362270019377e-09,20461959775.688217
68678.23124828521,0.00473573154055127,0.47357315405512695,1.9533301697416623e-12,9.271727962854269e-10,7.718278111940947e-10,3.2436347211318116e-09,2.0372103505292916e-06,1.9383823224601378e-09,18572187531.255375
75666.43423416169,0.0042983612108014315,0.4298361210801431,2.152087002532578e-12,9.334686233794174e-10,8.586901619235865e-10,3.5634772387510196e-09,2.0372103505292916e-06,2.1356181697931213e-09,16856945922.822592
83365.70656392607,0.003901384385465239,0.39013843854652386,2.371067903080471e-12,9.398803187891067e-10,9.552038950342786e-10,3.8775376016456e-09,2.0372103505292916e-06,2.352923320327183e-09,15300116110.453638
91848.40154164682,0.0035410705076266767,0.35410705076266763,2.6123307271155868e-12,9.46407882508838e-10,1.0624323247929812e-09,4.376760215396636e-09,2.0372103505292916e-06,2.592339882064071e-09,13887067914.619326
101194.23462389657,0.0032140335571545866,0.3214033557154586,2.878142722985588e-12,9.530513145338367e-10,1.181530650887095e-09,5.011369049591998e-09,2.0372103505292916e-06,2.8561177532472104e-09,12604522330.7304
111491.03253946398,0.0029172002309392356,0.29172002309392353,3.171001837942964e-12,9.59810614860071e-10,1.3137865171103989e-09,5.5282835345938316e-09,2.0372103505292916e-06,3.146735765602888e-09,11440426741.106653
122835.55863410581,0.0026477810618388267,0.26477810618388264,3.493660192407193e-12,9.666857834841407e-10,1.4605915498675098e-09,5.9827127634493736e-09,2.0372103505292916e-06,3.4669249789657547e-09,10383841651.727764
135334.4221964513,0.002403244204934482,0.24032442049344813,3.849149942799153e-12,9.73676820403179e-10,1.623668942574103e-09,6.650712980285913e-09,2.0372103505292916e-06,3.819694346198063e-09,9424837889.406685
149105.08031037904,0.0021812916447565096,0.21812916447565092,4.240811775991813e-12,9.807837256147707e-10,1.8046746763423526e-09,7.651309813893171e-09,2.0372103505292916e-06,4.208358989586736e-09,8554403293.321519
164276.94164869183,0.0019798375998946417,0.19798375998946413,4.672326303151443e-12,9.880064991168812e-10,2.0054942377748996e-09,8.620992164442052e-09,2.0372103505292916e-06,4.636571354443415e-09,7764358024.060116
180992.5825809061,0.0017969889220537023,0.1796988922053702,5.147748647990558e-12,9.95345140907798e-10,2.2278144942259747e-09,9.385018615199026e-09,2.0372103505292916e-06,5.108355532670984e-09,7047277694.310529
199409.08702343307,0.0016310273053582465,0.16310273053582464,5.671546554473006e-12,1.0027996509860795e-09,2.4736581766307905e-09,1.0141353787775903e-08,2.0372103505292916e-06,5.628145078849698e-09,6396423598.83122
219699.5226232841,0.001480393138720951,0.14803931387209507,6.248642372085213e-12,1.0103700293505148e-09,2.7462366695925355e-09,1.1369826268067289e-08,2.0372103505292916e-06,6.200824674216376e-09,5805679388.048409
242054.5671476252,0.0013436708495296371,0.13436708495296368,6.8844593132270085e-12,1.0180562760000843e-09,3.0486967265356073e-09,1.300957366226463e-08,2.0372103505292916e-06,6.831776030070841e-09,5269493590.179464
266684.300363045,0.0012195756009222038,0.12195756009222036,7.584972417422148e-12,1.0258583909339317e-09,3.384043971910646e-09,1.4502752972822825e-08,2.0372103505292916e-06,7.526928461983115e-09,4782827441.741768
293820.17824358057,0.0011069412176387312,0.11069412176387311,8.356764701280636e-12,1.0337763741513381e-09,3.755618319907107e-09,1.5628497063324956e-08,2.0372103505292916e-06,8.292814610068511e-09,4341107536.19061
323717.20805996825,0.0010047092269853245,0.10047092269853243,9.207089021877846e-12,1.0418102256516994e-09,4.167722589080303e-09,1.6886436432589904e-08,2.0372103505292916e-06,9.136631828957596e-09,3940182845.707078
356656.34479034046,0.0009119189119233829,0.09119189119233827,1.0143936234906328e-11,1.0499599454345083e-09,4.624720793402329e-09,1.908076814312239e-08,2.0372103505292916e-06,1.0066309824368188e-08,3576285712.253004
392947.1313724641,0.0008276982828091706,0.08276982828091704,1.1176110288111695e-11,1.05822553349934e-09,5.131046117632643e-09,2.1914917768950725e-08,2.0372103505292916e-06,1.1090585171889147e-08,3245996441.310214
432930.6076090635,0.0007512558829415717,0.07512558829415715,1.2313310955696574e-11,1.066606989845837e-09,5.69225520567527e-09,2.4443356084660573e-08,2.0372103505292916e-06,1.2219083418259819e-08,2946211165.577503
476982.5150624534,0.000681873350911391,0.06818733509113908,1.356622499118322e-11,1.0751043144737002e-09,6.314311760249368e-09,2.6457816156378993e-08,2.0372103505292916e-06,1.3462409536685923e-08,2674112676.6272936
525516.8280562155,0.0006188986698576023,0.061889866985760225,1.494662655533631e-11,1.083717507382679e-09,7.003367417505123e-09,2.866589631778658e-08,2.0372103505292916e-06,1.4832247586238267e-08,2427143950.41529
578989.64396623,0.0005617400401910264,0.056174004019102636,1.6467487862909383e-11,1.0924465685725629e-09,7.76239270833704e-09,3.198655944157719e-08,2.0372103505292916e-06,1.6341470511875643e-08,2202984117.8514595
637903.469359773,0.0005098603182048915,0.05098603182048914,1.814310108800934e-11,1.1012914980431755e-09,8.603431961781726e-09,3.6334800561232096e-08,2.0372103505292916e-06,1.8004261116929236e-08,1999526654.6178634
702811.9422613197,0.0004627719683096203,0.04627719683096203,1.99892126736745e-11,1.1102522957943698e-09,9.534682746403966e-09,4.074919015583896e-08,2.0372103505292916e-06,1.9836245344877487e-08,1814859585.274118
774325.0349221879,0.0004200324814558808,0.04200324814558807,2.2023171307830396e-11,1.1193289618260223e-09,1.0565392211872563e-08,4.428274482966919e-08,2.0372103505292916e-06,2.1854639122916753e-08,1647247515.6201708
853114.7859866213,0.00038124021669093264,0.03812402166909326,2.4264090956215135e-11,1.128521496138029e-09,1.17057036906471e-08,4.7552680379849225e-08,2.0372103505292916e-06,2.4078410147278215e-08,1495115324.4671092
939921.6159219211,0.00034603062676962187,0.03460306267696218,2.6733030484364214e-11,1.1378298987303036e-09,1.2968123358455246e-08,5.20760619401531e-08,2.0372103505292916e-06,2.652845613065653e-08,1357033361.5606854
1035561.2850613391,0.00031407283235053847,0.03140728323505384,2.945319155663703e-11,1.1472541696027733e-09,1.4367330776261912e-08,5.895079957288653e-08,2.0372103505292916e-06,2.9227801186815262e-08,1231704012.5563636
1140932.559647438,0.0002850665125836024,0.028506651258360237,3.245013667202684e-11,1.1567943087553782e-09,1.5913844488309034e-08,6.683400934040274e-08,2.0372103505292916e-06,3.220181219787908e-08,1117949504.7912579
1257025.6579169163,0.0002587390828686451,0.025873908286864505,3.57520293857274e-11,1.1664503161880674e-09,1.762533204579222e-08,7.396308798614348e-08,2.0372103505292916e-06,3.547843719760638e-08,1014700839.2587488
1384931.5555983365,0.0002348431332631907,0.023484313326319065,3.938989897392019e-11,1.1762221919007981e-09,1.9520089438606724e-08,8.045588718912602e-08,2.0372103505292916e-06,3.9088468010830775e-08,920987744.7748781
1525852.2382704313,0.00021315410346708458,0.021315410346708454,4.339793202894833e-11,1.1861099358935354e-09,2.1615841424648724e-08,8.784290258125504e-08,2.0372103505292916e-06,4.306582961720475e-08,835929559.9316179
1681111.9969267198,0.00019346817253482223,0.01934681725348222,4.7813793725120205e-11,1.1961135481662496e-09,2.3935139877364767e-08,9.763285724445663e-08,2.0372103505292916e-06,4.744789895851865e-08,758726957.1508956
1852169.8728955921,0.00017560034348432154,0.01756003434843215,5.267898177421209e-11,1.2062330287189151e-09,2.650175461021074e-08,1.0917241078114352e-07,2.0372103505292916e-06,5.2275856185560955e-08,688654431.066851
2040633.3690660584,0.00015938270480239783,0.01593827048023978,5.8039216396939885e-11,1.2164683775515128e-09,2.9327306854961136e-08,1.2169854196424196e-07,2.0372103505292916e-06,5.759507164533573e-08,625053480.6464716
2248273.556269261,0.00014466285250958405,0.014466285250958404,6.394486997512444e-11,1.2268195946640245e-09,3.244935628682082e-08,1.347398750127497e-07,2.0372103505292916e-06,6.345553224531734e-08,567326420.9781582
2477041.716776834,0.00013130245795576982,0.01313024579557698,7.045144042217425e-11,1.2372866800564355e-09,3.590062573320721e-08,1.4712110564233716e-07,2.0372103505292916e-06,6.991231120146838e-08,514930766.5749705
2729087.6813220624,0.00011917596788763492,0.01191759678876349,7.762007272034697e-11,1.2478696337287347e-09,3.971326149537136e-08,1.6003498290198186e-07,2.0372103505292916e-06,7.702608558444047e-08,467374133.4100992
3006780.031964518,0.00010816942457186578,0.010816942457186576,8.551813352589418e-11,1.258568455680911e-09,4.392837237734305e-08,1.7540714002857972e-07,2.0372103505292916e-06,8.486370652755669e-08,424209611.7768576
3312728.3606530237,9.817939488635424e-05,0.009817939488635423,9.421984424189659e-11,1.2693831459129566e-09,4.8592259512093815e-08,1.9477269689190166e-07,2.0372103505292916e-06,9.349882745506063e-08,385031566.4899977
3649807.792660058,8.911199831559761e-05,0.00891119983155976,1.0380697850804244e-10,1.2803137044248648e-09,5.374064324335697e-08,2.1808686978217147e-07,2.0372103505292916e-06,1.0301259623435857e-07,349471824.9610784
4021186.0053445506,8.088202471596689e-05,0.008088202471596688,1.1436963066195138e-10,1.291360131216629e-09,5.943422708153812e-08,2.413836996737453e-07,2.0372103505292916e-06,1.1349441775669773e-07,317196217.3256359
4430352.996149892,7.341213356010745e-05,0.007341213356010744,1.2600706239360274e-10,1.3025224262882448e-09,6.572400037537769e-08,2.645032522427409e-07,2.0372103505292916e-06,1.250427941125767e-07,287901436.1082576
4881153.879579472,6.663212713543848e-05,0.006663212713543846,1.3882863554923314e-10,1.3138005896397081e-09,7.267772739646985e-08,2.9127130842786643e-07,2.0372103505292916e-06,1.377662502573668e-07,261312185.91452494
5377825.021356706,6.047829086669074e-05,0.006047829086669072,1.5295483985065407e-10,1.325194621271015e-09,8.03542513256538e-08,3.235856999996461e-07,2.0372103505292916e-06,1.517843538660138e-07,237178596.3642778
5925033.849337638,5.4892794563213675e-05,0.005489279456321367,1.685184251879049e-10,1.336704521182164e-09,8.884478949699191e-08,3.6047816381370036e-07,2.0372103505292916e-06,1.672288389608284e-07,215273873.95443568
6527922.715295823,4.982314896432399e-05,0.004982314896432398,1.8566564912586647e-10,1.3483302893731512e-09,9.82269537938281e-08,3.9793192349263887e-07,2.0372103505292916e-06,1.8424484387156297e-07,195392170.7849561
7192157.21976725,4.522171247562126e-05,0.004522171247562125,2.0455765134818403e-10,1.3600719258439753e-09,1.085836218849701e-07,4.3500276318086846e-07,2.0372103505292916e-06,2.0299227516141048e-07,177346650.11944124
7923979.454084281,4.104524346086458e-05,0.004104524346086457,2.2537196795472741e-10,1.3719294305946353e-09,1.2002873197843423e-07,4.79396814972052e-07,2.0372103505292916e-06,2.2364731033631293e-07,160967730.60165346
8730266.659936218,3.725449388210948e-05,0.003725449388210947,2.4830419984307583e-10,1.3839028036251288e-09,1.3261691569397072e-07,5.342937618978978e-07,2.0372103505292916e-06,2.464040534591666e-07,146101492.62810656
9618595.857705383,3.381384046936846e-05,0.0033813840469368458,2.7356985085251764e-10,1.3959920449354546e-09,1.4648536700531178e-07,5.939061464449451e-07,2.0372103505292916e-06,2.7147635922743636e-07,132608231.90073824
10597315.050918149,3.069094995374317e-05,0.0030690949953743165,3.014063529443715e-10,1.4081971545256127e-09,1.6182767634040547e-07,6.516218139565432e-07,2.0372103505292916e-06,2.990998426557962e-07,120361146.56679632
11675621.67594922,2.78564752180818e-05,0.0027856475218081796,3.3207529745010374e-10,1.4205181323956016e-09,1.78754873770641e-07,7.063699504560978e-07,2.0372103505292916e-06,3.295340932496344e-07,109245145.60843529
12863649.034204032,2.5283779509762035e-05,0.0025283779509762032,3.658648933552189e-10,1.432954978545421e-09,1.9743362073952707e-07,7.693162267502992e-07,2.0372103505292916e-06,3.630651144769413e-07,99155767.28396031
14172561.51901903,2.2948686123910374e-05,0.002294868612391037,4.030926757204571e-10,1.4455076929750702e-09,2.1807179914053958e-07,8.502132650347048e-07,2.0372103505292916e-06,4.000080114633298e-07,89998197.45685333
15614659.53216682,2.082925120472639e-05,0.0020829251204726386,4.441084896924632e-10,1.4581762756845485e-09,2.4083287070325805e-07,9.452905480733849e-07,2.0372103505292916e-06,4.40709952167581e-07,81686378.58740915
17203495.0759112,1.8905557529829523e-05,0.001890555752982952,4.892977781459467e-10,1.4709607266738563e-09,2.6595296732052286e-07,1.0476752322831488e-06,2.0372103505292916e-06,4.855534298651426e-07,74142201.01379703
18953999.106878612,1.715952733973404e-05,0.001715952733973404,5.390852038526681e-10,1.4838610459429922e-09,2.937218019811834e-07,1.1545553976779034e-06,2.0372103505292916e-06,5.349598575984888e-07,67294768.92267983
20882621.84854504,1.557475245353058e-05,0.0015574752453530575,5.939386402163336e-10,1.4968772334919568e-09,3.2430858350836315e-07,1.2706385730273067e-06,2.0372103505292916e-06,5.893935283729405e-07,61079734.11140154
23007487.380912412,1.4136340074301498e-05,0.0014136340074301496,6.543735680759673e-10,1.5100092893207497e-09,3.581267196258775e-07,1.4088384005715712e-06,2.0372103505292916e-06,6.493659783135263e-07,55438691.2808335
25348563.960120186,1.2830772835237017e-05,0.0012830772835237014,7.209579198964189e-10,1.52325721342937e-09,3.953843641474758e-07,1.5669970173166667e-06,2.0372103505292916e-06,7.154407937853516e-07,50318629.17618424
27927851.668556552,1.1645781771247435e-05,0.0011645781771247431,7.943174168688802e-10,1.536621005817819e-09,4.36559838418316e-07,1.7271685262127966e-06,2.0372103505292916e-06,7.882389076519868e-07,45671432.417916454
30769589.158896174,1.057023102233211e-05,0.0010570231022332109,8.75141449076392e-10,1.5501006664860953e-09,4.819823403535829e-07,1.8907319054676663e-06,2.0372103505292916e-06,8.684444344430411e-07,41453429.34126564
33900481.4349258,9.594013185213927e-06,0.0009594013185213927,9.641895539827415e-10,1.5636961954341989e-09,5.321050006630804e-07,2.07233722387806e-06,2.0372103505292916e-06,9.56811099266465e-07,37624981.59521691
37349950.80971001,8.70795432981464e-06,0.0008707954329814639,1.062298554125842e-09,1.577407592662131e-09,5.874340200116927e-07,2.306409093318388e-06,2.0372103505292916e-06,1.0541693208807744e-06,34150111.64422947
41150413.39945534,7.903727787971213e-06,0.0007903727787971212,1.170390421091467e-09,1.59123485816989e-09,6.484275866648664e-07,2.5918213354617383e-06,2.0372103505292916e-06,1.1614340154897719e-06,30996164.672186695
45337583.75140455,7.173775904228733e-06,0.0007173775904228732,1.2894809396684787e-09,1.6051779919574755e-09,7.155683764965843e-07,2.8821194084895728e-06,2.0372103505292916e-06,1.279613194595381e-06,28133501.71133813
49950810.468476236,6.511239013369701e-06,0.00065112390133697,1.4206892536062285e-09,1.6192369940248891e-09,7.893469742626695e-07,3.1425876309559974e-06,2.0372103505292916e-06,1.4098174377061969e-06,25535221.112439048
55033445.98465368,5.909890977251783e-06,0.0005909890977251782,1.5652483826795734e-09,1.63341186437213e-09,8.709296467969909e-07,3.382157249899816e-06,2.0372103505292916e-06,1.5532703289207241e-06,23176905.738625854
60633253.96606315,5.364080675165779e-06,0.0005364080675165778,1.7245168098949348e-09,1.6477026029991985e-09,9.60823110290909e-07,3.657152357438146e-06,2.0372103505292916e-06,1.711319955462414e-06,21036393.507298566
66802858.16625559,4.868678897874894e-06,0.00048686788978748933,1.8999912477271068e-09,1.6621092099060939e-09,1.059996413763122e-06,4.039417380046052e-06,2.0372103505292916e-06,1.8854515762229218e-06,19093569.123699214
73600236.95377828,4.419030146275661e-06,0.00044190301462756603,2.0933207033566387e-09,1.6766316850928165e-09,1.169277571410946e-06,4.517454295832328e-06,2.0372103505292916e-06,2.077301579365344e-06,17330175.04901657
81089268.15931703,4.010908881712585e-06,0.0004010908881712584,2.306321975084656e-09,1.6912700285593663e-09,1.2898834047400826e-06,5.0156679912496195e-06,2.0372103505292916e-06,2.2886728601528217e-06,15729639.926606273
89340329.36256847,3.6404798168121248e-06,0.00036404798168121244,2.5409967255515065e-09,1.7060242403057435e-09,1.422970550242187e-06,5.5018803677346345e-06,2.0372103505292916e-06,2.521551763514484e-06,14276922.853974644
98430959.25999086,3.304261873672289e-06,0.00033042618736722887,2.7995502922034443e-09,1.7208943203319478e-09,1.5693521353646374e-06,5.990091388270545e-06,2.0372103505292916e-06,2.7781267505651463e-06,12958372.037084568
108446586.32858483,2.999095470707772e-06,0.00029990954707077714,3.084412411777241e-09,1.7358802686379793e-09,1.7312526873965252e-06,6.536710083167156e-06,2.0372103505292916e-06,3.060808964495933e-06,11761596.498698387
119481331.63326325,2.7221128307313896e-06,0.0002722112830731389,3.398260053559391e-09,1.7509820852238373e-09,1.9094616220763477e-06,7.255746881668406e-06,2.0372103505292916e-06,3.3722548891021044e-06,10675349.635147344
131638893.32213077,2.470711031244285e-06,0.00024707110312442845,3.744042575993722e-09,1.7661997700895228e-09,2.1060156747747587e-06,8.142327829425172e-06,2.0372103505292916e-06,3.7153913128798765e-06,9689423.527261158
145033521.12164643,2.2425275436771797e-06,0.0002242527543677179,4.125009443044591e-09,1.781533323235035e-09,2.3227733123980536e-06,9.093398254562286e-06,2.0372103505292916e-06,4.093442833290322e-06,8794553.01225328
159791089.9894116,2.0354180317145967e-06,0.00020354180317145963,4.5447407607780505e-09,1.7969827446603748e-09,2.5619203837632367e-06,1.0025547444377233e-05,2.0372103505292916e-06,4.509962159659522e-06,7982328.615084833
176050283.0141474,1.8474362000636017e-06,0.00018474362000636013,5.007180921125987e-09,1.8125480343655423e-09,2.825555056553861e-06,1.092135704540471e-05,2.0372103505292916e-06,4.968863499484025e-06,7245117.5210867245
193963894.67907894,1.6768155042973517e-06,0.00016768155042973514,5.516675668998087e-09,1.8282291923505364e-09,3.1162427691874877e-06,1.1923459750596591e-05,2.0372103505292916e-06,5.4744593418869405e-06,6575991.847186046
213700266.73602933,1.5219525498932997e-06,0.00015219525498932996,6.0780129410765665e-09,1.8440262186153578e-09,3.4364735642787487e-06,1.322724708834062e-05,2.0372103505292916e-06,6.0315009838940505e-06,5968663.5376718
235444870.18374926,1.3813920244596893e-06,0.0001381392024459689,6.696467860073342e-09,1.8599391131600064e-09,3.7900099052321454e-06,1.4881857967256865e-05,2.0372103505292916e-06,6.645223180372699e-06,5417425.272687521
259402048.2169873,1.25381302155223e-06,0.00012538130215522297,7.377852307279304e-09,1.8759678759844812e-09,4.1795410755206335e-06,1.6724407859297433e-05,2.0372103505292916e-06,7.3213933372274374e-06,4917096.834143453
285796936.52553666,1.1380166275600264e-06,0.00011380166275600262,8.128569539260119e-09,1.8921125070887835e-09,4.6094818802478495e-06,1.846967346942086e-05,2.0372103505292916e-06,8.066365710141878e-06,4462976.425025838
314877578.9891112,1.0329146550095437e-06,0.00010329146550095435,8.955674361954411e-09,1.9083730064729135e-09,5.079683481540568e-06,2.0011495392659056e-05,2.0372103505292916e-06,8.887141118194981e-06,4050796.484630568
346917258.65012807,9.375194164087117e-07,9.375194164087116e-05,9.866939427655782e-09,1.9247493741368703e-09,5.598797441017181e-06,2.152246755543765e-05,2.0372103505292916e-06,9.791432733505784e-06,3676683.5844982974
382217065.86953235,8.509344425316622e-07,8.50934442531662e-05,1.087092827789934e-08,1.941241610080654e-09,6.171454138876167e-06,2.3321972419712657e-05,2.0372103505292916e-06,1.0787738565159717e-05,3337122.0281761624
421108727.79969686,7.723460579199429e-07,7.723460579199427e-05,1.1977075818667294e-08,1.9578497143042645e-09,6.8020202014063405e-06,2.577237538796107e-05,2.0372103505292916e-06,1.1885421318578169e-05,3028920.8127378877
463957725.7641646,7.010157344315945e-07,7.010157344315942e-05,1.319577698417356e-08,1.9745736868077026e-09,7.496656266077165e-06,2.887174772242414e-05,2.0372103505292916e-06,1.3094796380803996e-05,2749183.6415855493
511166729.8395283,6.362731509812501e-07,6.362731509812501e-05,1.4538484422437228e-08,1.991413527590967e-09,8.262530888944227e-06,3.2022146701760256e-05,2.0372103505292916e-06,1.4427228758536767e-05,2495281.706730987
563179382.9157096,5.775098942506151e-07,5.7750989425061495e-05,1.601781612063888e-08,2.00836923665406e-09,9.106819477937908e-06,3.500453041384073e-05,2.0372103505292916e-06,1.5895239879886648e-05,2264828.984780111
620484469.7949897,5.241737411723441e-07,5.24173741172344e-05,1.7647673981658847e-08,2.0254408139969786e-09,1.0036551911231127e-05,3.778923165625335e-05,2.0372103505292916e-06,1.751262526350648e-05,2055659.8144664394
683620510.5086261,4.7576346945733443e-07,4.7576346945733434e-05,1.9443374466112762e-08,2.0426282596197253e-09,1.1061587580204506e-05,4.084413321434706e-05,2.0372103505292916e-06,1.9294584160889876e-05,1865808.545020214
753180821.0163321,4.318241473978338e-07,4.318241473978338e-05,2.142179252758101e-08,2.059931573522299e-09,1.2189693583874924e-05,4.480511648919011e-05,2.0372103505292916e-06,2.1257862390137254e-05,1693491.0641204673
829819088.8461925,3.919428586826133e-07,3.9194285868261325e-05,2.3601520193653445e-08,2.0773507557046998e-09,1.3434662005660536e-05,4.995386146560894e-05,2.0372103505292916e-06,2.3420909703460073e-05,1537088.0318402648
914255516.0716082,3.557448220485266e-07,3.5574482204852655e-05,2.6003041283041123e-08,2.094885806166928e-09,1.4804239662146607e-05,5.628888735125383e-05,2.0372103505292916e-06,2.5804053167270874e-05,1395129.6630275657
1007283587.3534485,3.2288986930316495e-07,3.228898693031649e-05,2.8648923900646158e-08,2.1125367249089816e-09,1.6313033731340974e-05,6.315670725839947e-05,2.0372103505292916e-06,2.8429688184185834e-05,1266281.915115242
1109777526.6495228,2.9306924862111776e-07,2.930692486211177e-05,3.156403251954629e-08,2.130303511930864e-09,1.7974193521041254e-05,6.983771788961592e-05,2.0372103505292916e-06,3.132248895205321e-05,1149333.9515613485
1222700512.6652236,2.6600272307306173e-07,2.6600272307306172e-05,3.477576164291814e-08,2.148186167232572e-09,1.9800291406932476e-05,7.619665849207055e-05,2.0372103505292916e-06,3.4509640337780166e-05,1043186.7631082854
1347113730.2494135,2.414359371213303e-07,2.414359371213303e-05,3.831429324171931e-08,2.1661846908141083e-09,2.1810226420646324e-05,8.28161687778374e-05,2.0372103505292916e-06,3.802109334497452e-05,946842.8399300186
1484186342.7952623,2.1913802633382937e-07,2.1913802633382932e-05,4.2212880387377664e-08,2.1842990826754715e-09,2.4013903267015843e-05,9.061179906912191e-05,2.0372103505292916e-06,4.188984657613662e-05,859396.7976122433
1635206479.3609757,1.9889944785375343e-07,1.988994478537534e-05,4.650815974490596e-08,2.2025293428166614e-09,2.643476841797225e-05,0.00010027528686368753,2.0372103505292916e-06,4.6152256334422345e-05,780026.8688737901
1801593339.760958,1.8053001123712659e-07,1.8053001123712656e-05,5.1240495863069964e-08,2.220875471237679e-09,2.908189927526393e-05,0.0001131074186596179,2.0372103505292916e-06,5.084837827913275e-05,707987.1810734571
1984910531.384053,1.6385709115311674e-07,1.638570911531167e-05,5.645436049704953e-08,2.239337467938523e-09,3.1980675488019444e-05,0.0001282235444358125,2.0372103505292916e-06,5.602234384561081e-05,642600.7469307355
2186880763.070584,1.4872400515111242e-07,1.4872400515111239e-05,6.21987505282483e-08,2.2579153329191953e-09,3.5141665600021504e-05,0.00014375480318441666,2.0372103505292916e-06,6.172277496692225e-05,583253.1025912672
2409402034.1327124,1.3498854124975952e-07,1.349885412497595e-05,6.852764840861954e-08,2.2766090661796935e-09,3.8578393879747634e-05,0.00015790387299774003,2.0372103505292916e-06,6.800324099463406e-05,529386.5332512705
2654565470.6531796,1.225216215110903e-07,1.2252162151109028e-05,7.550052945649789e-08,2.2954186677200197e-09,4.231490686505913e-05,0.00017053070185684836,2.0372103505292916e-06,7.492276211256789e-05,480494.8320766888
2924674976.6776342,1.112060890407882e-07,1.1120608904078819e-05,8.318292077120953e-08,2.314344137540172e-09,4.634308391019456e-05,0.0001831171637157031,2.0372103505292916e-06,8.254636397431962e-05,436118.5431644172
3222268884.9710717,1.0093560701552007e-07,1.0093560701552004e-05,9.164701701881665e-08,2.333385475640152e-09,5.070880323267432e-05,0.00019793439024676126,2.0372103505292916e-06,9.094568877670706e-05,395840.6438417155
3550143810.799645,9.161365939103175e-08,9.161365939103173e-06,1.009723588757934e-07,2.352542682019959e-09,5.541801774128237e-05,0.00021894494396635595,2.0372103505292916e-06,0.0001001996685116599,359282.6257285552
3911380932.9019213,8.315264390023901e-08,8.3152643900239e-06,1.1124658050625577e-07,2.3718157566795923e-09,6.048978780256201e-05,0.0002453267949724405,2.0372103505292916e-06,0.0001103952667233845,326100.9377349898
4309374948.622941,7.547304881783586e-08,7.547304881783584e-06,1.225662330971037e-07,2.391204699619053e-09,6.594112499027168e-05,0.0002743560789817456,2.0372103505292916e-06,0.00012162829574140846,295983.7575668979
4747865975.31451,6.850270575513314e-08,6.850270575513314e-06,1.350376921901773e-07,2.4107095108383417e-09,7.17813481671056e-05,0.00030201258611195313,2.0372103505292916e-06,0.0001340043170693828,268648.0614005924
5230974697.7929125,6.217611146331988e-08,6.217611146331986e-06,1.4877815733801813e-07,2.430330190337458e-09,7.805198356198955e-05,0.00032678779563914077,2.0372103505292916e-06,0.00014763963339098392,243836.96418876678
5763241092.1491995,5.64338122718532e-08,5.643381227185319e-06,1.6391675347741284e-07,2.4500667381163997e-09,8.474165611138906e-05,0.0003502136777432507,2.0372103505292916e-06,0.00016266238151520243,221317.30560354204
6349667089.816237,5.1221845377281154e-08,5.122184537728115e-06,1.80595744370797e-07,2.469919154175169e-09,9.188389521845126e-05,0.000376050392474342,2.0372103505292916e-06,0.00017921373653189437,200877.4589306838
6995763582.824563,4.649123173205644e-08,4.649123173205643e-06,1.9897186951873393e-07,2.4898874385137654e-09,9.950421642301296e-05,0.00041038895912459027,2.0372103505292916e-06,0.0001974492384935454,182325.34232425937
7707602211.975292,4.219751576780267e-08,4.219751576780267e-06,2.1921781710700096e-07,2.5099715911321894e-09,0.00010760770861822211,0.00045537893333734344,2.0372103505292916e-06,0.00021754025409063802,165486.61373265024
8491872424.605372,3.830034762761907e-08,3.8300347627619056e-06,2.415238468301863e-07,2.5301716120304406e-09,0.00011623384662875592,0.0005108044559639688,2.0372103505292916e-06,0.00023967558705660104,150203.032532881
9355944338.14098,3.476310398148472e-08,3.476310398148471e-06,2.660995778421531e-07,2.550487501208518e-09,0.0001254025730388138,0.00057101639108121,2.0372103505292916e-06,0.00026406325243599375,136330.97247685396
10307938000.194365,3.1552543861405205e-08,3.15525438614052e-06,2.9317595863549445e-07,2.5709192586664236e-09,0.00013510969474595877,0.0006312518907405524,2.0372103505292916e-06,0.0002909324313894696,123740.07197501819
11356799696.070377,2.863849628203944e-08,2.8638496282039435e-06,3.2300743736176364e-07,2.5914668844041558e-09,0.0001454421203624544,0.0006934467173112654,2.0372103505292916e-06,0.00028638496282039436,112312.00903362059
12512386020.776596,2.5993576711245967e-08,2.5993576711245963e-06,3.558743529878981e-07,2.612130378421714e-09,0.0001563774617911383,0.0007600667853833433,2.0372103505292916e-06,0.0002599357671124597,101939.38933310739
13785556505.5971,2.3592929726103273e-08,2.359292972610327e-06,3.9208556975953855e-07,2.6329097407191e-09,0.00016796839373073877,0.000831492160435107,2.0372103505292916e-06,0.0002359292972610327,92524.7369984814
15188275669.680408,2.141399543603503e-08,2.1413995436035026e-06,4.3198137972839456e-07,2.6538049712963137e-09,0.00018028494998520163,0.0009172878691179254,2.0372103505292916e-06,0.00021413995436035029,83979.57857746171
16733725455.664097,1.9436297478018502e-08,1.94362974780185e-06,4.7593670061994877e-07,2.674816070153354e-09,0.00019330613034942634,0.0010158060946574659,2.0372103505292916e-06,0.000194362974780185,76223.61161819694
18436429105.940273,1.764125059157927e-08,1.7641250591579269e-06,5.243645990931894e-07,2.6959430372902217e-09,0.00020713604106486867,0.0011279444434389276,2.0372103505292916e-06,0.0001764125059157927,69183.95003331226
20312387643.679817,1.6011985965272616e-08,1.6011985965272613e-06,5.777201725019411e-07,2.7171858727069165e-09,0.00022180242094614372,0.0012450810465175649,2.0372103505292916e-06,0.00016011985965272614,62794.43915865538
22379230241.18472,1.4533192713359402e-08,1.45331927133594e-06,6.365048256363264e-07,2.7385445764034378e-09,0.00023735132873715312,0.0013731150463837636,2.0372103505292916e-06,0.00014533192713359403,56995.0340700616
24656379888.643436,1.3190973992965701e-08,1.31909739929657e-06,7.012709826347097e-07,2.760019148379787e-09,0.0002539298248237894,0.001515975372312777,2.0372103505292916e-06,0.000131909739929657,51731.23531591776
27165235920.148323,1.1972716409598635e-08,1.1972716409598632e-06,7.72627278345939e-07,2.7816095886359625e-09,0.0002715047340275883,0.0016700187012585997,2.0372103505292916e-06,0.00011972716409598634,46953.576762866986
29929375112.24878,1.0866971483767163e-08,1.0866971483767161e-06,8.512442779273018e-07,2.803315897171966e-09,0.0002901756697729089,0.0018226265928310294,2.0372103505292916e-06,0.00010866971483767163,42617.160741724525
32974773244.848213,9.863348064799566e-09,9.863348064799564e-07,9.378607784276684e-07,2.8251380739877963e-09,0.0003101837603578363,0.001970345098807873,2.0372103505292916e-06,9.863348064799565e-05,38681.23612517497
36330049206.54543,8.952414680825169e-09,8.952414680825168e-07,1.0332907515744475e-06,2.847076119083453e-09,0.0003314718582098489,0.0021064405979592626,2.0372103505292916e-06,8.952414680825168e-05,35108.81537226967
40026733938.381966,8.125610907261689e-09,8.125610907261687e-07,1.1384309930086642e-06,2.8691300324589366e-09,0.00035414032406101123,0.0022492937362961953,2.0372103505292916e-06,8.125610907261689e-05,31866.326940929433
44099566743.37146,7.375166920900979e-09,7.375166920900979e-07,1.2542695498512033e-06,2.8912998141142482e-09,0.0003785124662916459,0.0023856242985515045,2.0372103505292916e-06,7.375166920900979e-05,28923.29980202799
48586821746.35832,6.694030483608565e-09,6.694030483608564e-07,1.3818950057976577e-06,2.9135854640493875e-09,0.00040458724335531396,0.0025545540802805393,2.0372103505292916e-06,6.694030483608565e-05,26252.077090300263
53530667572.08507,6.0758006694723844e-09,6.075800669472383e-07,1.5225067109976886e-06,2.935986982264352e-09,0.00043257570125050134,0.00273850835325557,2.0372103505292916e-06,6.075800669472384e-05,23827.55620113395
58977563621.51554,5.514667712606682e-09,5.51466771260668e-07,1.677426052853408e-06,2.9585043687591454e-09,0.0004627814880542701,0.0029213872588304576,2.0372103505292916e-06,5.5146677126066816e-05,21626.95289082373
64978696670.38832,5.005358410335663e-09,5.005358410335662e-07,1.8481088736531884e-06,2.981137623533765e-09,0.0004952183987708682,0.0030749288791876504,2.0372103505292916e-06,5.005358410335663e-05,19629.58716343938
71590461892.90251,4.5430865686874775e-09,4.543086568687477e-07,2.0361591517346895e-06,3.003886746588212e-09,0.0005302361133385043,0.0031928138166139675,2.0372103505292916e-06,4.5430865686874775e-05,17816.688932196
78874992830.9157,4.1235080245141656e-09,4.123508024514165e-07,2.243344074744671e-06,3.026751737922486e-09,0.0005682482715631264,0.0032875871706271953,2.0372103505292916e-06,4.123508024514165e-05,16171.221629045032
86900745289.00018,3.742679821561288e-09,3.7426798215612873e-07,2.4716106466454455e-06,3.0497325975365866e-09,0.0006092953194711004,0.0033776656674984014,2.0372103505292916e-06,3.742679821561288e-05,14677.722104870463
95743140642.46387,3.397023156847723e-09,3.3970231568477223e-07,2.723103984530955e-06,3.072829325430515e-09,0.0006537798244690475,0.003467364017478421,2.0372103505292916e-06,3.3970231568477225e-05,13322.155315765413
105485274603.77194,3.0832897491471114e-09,3.083289749147111e-07,3.0001874771953502e-06,3.0960419216042703e-09,0.0007022654543483069,0.003587419012301677,2.0372103505292916e-06,3.0832897491471114e-05,12091.782429814772
116218698107.94592,2.79853131352141e-09,2.7985313135214096e-07,3.3054649948926455e-06,3.1193703860578516e-09,0.0007549632162654234,0.003716046207942861,2.0372103505292916e-06,2.79853131352141e-05,10975.041114927692
128044277655.25256,2.54007185504581e-09,2.5400718550458096e-07,3.6418053590019906e-06,3.142814718791262e-09,0.0008122691551429379,0.003850921461396669,2.0372103505292916e-06,2.5400718550458098e-05,9961.436882734077
141073143196.17606,2.3054825213577163e-09,2.305482521357716e-07,4.012369301550071e-06,3.1663749198044976e-09,0.0008750385495849376,0.003942382149456613,2.0372103505292916e-06,2.3054825213577162e-05,9041.444467458707
155427732466.3592,2.0925587777083056e-09,2.0925587777083054e-07,4.42063916794094e-06,3.1900509890975615e-09,0.0009433192996061674,0.003992561127779735,2.0372103505292916e-06,2.0925587777083055e-05,8206.418312987653
171242941585.5598,1.8992996900212345e-09,1.899299690021234e-07,4.870451642022085e-06,3.213842926670452e-09,0.0010176806363982925,0.004020057641062665,2.0372103505292916e-06,1.8992996900212344e-05,7448.511326937131
188667392733.29102,1.7238891212725606e-09,1.7238891212725603e-07,5.366033801018103e-06,3.2377507325231698e-09,0.0010995813273441818,0.004040241431673671,2.0372103505292916e-06,1.7238891212725603e-05,6760.60113822206
207864830814.022,1.564678664486413e-09,1.5646786644864126e-07,5.912042839155287e-06,3.2617744066557146e-09,0.001188702863115578,0.004071232324623816,2.0372103505292916e-06,1.564678664486413e-05,6136.2231651359925
229015662236.9959,1.4201721519605201e-09,1.42017215196052e-07,6.513609833276827e-06,3.2859139490680866e-09,0.001285639570407938,0.004128152473024638,2.0372103505292916e-06,1.42017215196052e-05,5569.509864954671
252318650271.2211,1.2890115951483214e-09,1.2890115951483212e-07,7.176387961732449e-06,3.3101693597602855e-09,0.001392021544942736,0.004203859439713579,2.0372103505292916e-06,1.2890115951483214e-05,5055.13559416641
277992782907.60596,1.1699644230687667e-09,1.1699644230687665e-07,7.90660562967584e-06,3.3345406387323125e-09,0.001508123539236105,0.004288212408147355,2.0372103505292916e-06,1.1699644230687667e-05,4588.2665611574685
306279330781.3193,1.0619118993178087e-09,1.0619118993178086e-07,8.711125000010461e-06,3.359027785984166e-09,0.001634134069276364,0.004342682675963023,2.0372103505292916e-06,1.0619118993178085e-05,4164.515401036889
337444114493.54297,9.638386088313349e-10,9.638386088313347e-08,9.597506480023897e-06,3.3836308015158466e-09,0.001771562858789513,0.004348670741356288,2.0372103505292916e-06,9.638386088313348e-06,3779.899945721183
371780002639.58997,8.748229156022497e-10,8.748229156022494e-08,1.0574079769718562e-05,3.4083496853273525e-09,0.0019211772040870424,0.0042981608280452475,2.0372103505292916e-06,8.748229156022496e-06,3430.8058018240763
409609664018.4221,7.94028301678816e-10,7.940283016788159e-08,1.1650022139510283e-05,3.433184437418687e-09,0.00208314816629555,0.004224323456610462,2.0372103505292916e-06,7.940283016788158e-06,3113.952384679845
451288599887.2127,7.206955060532516e-10,7.206955060532514e-08,1.283544467290247e-05,3.4581350577898492e-09,0.002258575447294007,0.004139866568329361,2.0372103505292916e-06,7.206955060532515e-06,2826.362089307936
497208484756.3582,6.541353895663161e-10,6.541353895663161e-08,1.4141487284595457e-05,3.483201546440838e-09,0.0024495772846832064,0.004076297434577746,2.0372103505292916e-06,6.541353895663161e-06,2565.3323086051073
547800847119.77844,5.93722458776452e-10,5.937224587764519e-08,1.5580423406955757e-05,3.5083839033716538e-09,0.0026553348637047276,0.004043339521609328,2.0372103505292916e-06,5.937224587764519e-06,2328.4100358084743
603541124709.8776,5.38888987934537e-10,5.3888898793453694e-08,1.7165775328627946e-05,3.5336821285822963e-09,0.002876769919769904,0.004031194862005961,2.0372103505292916e-06,5.388889879345369e-06,2113.3688125580693
664953132386.1162,4.891196838259589e-10,4.891196838259588e-08,1.891244126917513e-05,3.5590962220727665e-09,0.0031170540810757253,0.003996864294793471,2.0372103505292916e-06,4.891196838259589e-06,1918.1878059301062
732613984643.8054,4.4394684334330526e-10,4.4394684334330515e-08,2.0836835383921315e-05,3.5846261838430648e-09,0.003375919352411375,0.00392401155175242,2.0372103505292916e-06,4.439468433433052e-06,1741.0328178190894
807159519002.0353,4.029459582833193e-10,4.029459582833192e-08,2.2957042014680747e-05,3.610272013893188e-09,0.003654043997403077,0.003812156327184087,2.0372103505292916e-06,4.029459582833192e-06,1580.2390482058597
889290271236.5731,3.657317260645662e-10,3.657317260645661e-08,2.529298563593273e-05,3.6360337122231394e-09,0.00395328663482984,0.003644942312615231,2.0372103505292916e-06,3.657317260645662e-06,1434.2954503308179
979778058609.5328,3.3195442887683143e-10,3.319544288768313e-08,2.7866618093498157e-05,3.6619112788329174e-09,0.0042752609494460655,0.0034597076183339828,2.0372103505292916e-06,3.3195442887683134e-06,1301.8305307512483
1079473232961.1716,3.0129664723560313e-10,3.0129664723560304e-08,3.070212489527784e-05,3.687904713722522e-09,0.004622550793690275,0.0032613884543007403,2.0372103505292916e-06,3.0129664723560314e-06,1181.5994608399478
1189312671824.2192,2.7347027705751124e-10,2.734702770575112e-08,3.382615249265489e-05,3.7140140168919555e-09,0.0049926392043040885,0.0030909404778736095,2.0372103505292916e-06,2.734702770575112e-06,1072.4723786064192
1310328582656.517,2.482138222249521e-10,2.4821382222495204e-08,3.726805868841756e-05,3.740239188341214e-09,0.0053942463659470835,0.0029318514406976278,2.0372103505292916e-06,2.4821382222495205e-06,973.423770908026
1443658202929.167,2.2528993719695306e-10,2.2528993719695302e-08,4.10601885243948e-05,3.766580228070302e-09,0.005822775016313917,0.0027936009911497263,2.0372103505292916e-06,2.25289937196953e-06,883.5228362711407
1590554487225.8972,2.0448319657318722e-10,2.0448319657318718e-08,4.5238178241433646e-05,3.793037136079215e-09,0.006282586146933249,0.002648360868412108,2.0372103505292916e-06,2.044831965731872e-06,801.9247377577724
1752397881784.8777,1.8559807065077496e-10,1.8559807065077492e-08,4.984129016816011e-05,3.819609912367957e-09,0.0067769326081637896,0.0024890301027486895,2.0372103505292916e-06,1.8559807065077492e-06,727.8626636771153
1930709297133.2993,1.684570879493325e-10,1.6845708794933248e-08,5.491278168561391e-05,3.846298556936526e-09,0.007301795295642572,0.0023135419562475526,2.0372103505292916e-06,1.6845708794933248e-06,660.6406215332026
2127164400724.0125,1.528991674367422e-10,1.5289916743674215e-08,6.050031173507255e-05,3.8731030697849194e-09,0.007869001333392274,0.0021332715580090395,2.0372103505292916e-06,1.528991674367422e-06,599.6268974903578
2343609363888.1675,1.3877810478286604e-10,1.3877810478286601e-08,6.665638868919072e-05,3.900023450913142e-09,0.008471418132144358,0.0019492195473142144,2.0372103505292916e-06,1.3877810478286602e-06,544.2481198922793
2582078211084.6016,1.2596119841589168e-10,1.2596119841589165e-08,7.343886379528832e-05,3.927059700321191e-09,0.009114393099098023,0.0017745893543680835,2.0372103505292916e-06,1.2596119841589165e-06,493.9838710471516
2844811934484.1484,1.143280024697852e-10,1.1432800246978518e-08,8.091147482788113e-05,3.954211818009068e-09,0.009801451106408832,0.0016126487788136554,2.0372103505292916e-06,1.143280024697852e-06,448.3617966434621
3134279553516.6943,1.0376919490377098e-10,1.0376919490377095e-08,8.914444505938625e-05,3.981479803976772e-09,0.010526740907902302,0.0014626897694298786,2.0372103505292916e-06,1.0376919490377099e-06,406.95316683763764
3453201317286.412,9.418555015708117e-11,9.418555015708115e-09,9.821514317778268e-05,4.0088636582243e-09,0.011304496040829861,0.001325320048264425,2.0372103505292916e-06,9.418555015708116e-07,369.3688472991753
3804574267898.0737,8.548700668457854e-11,8.548700668457853e-09,0.00010820881035275147,4.036363380751659e-09,0.012125217618163688,0.0012025697804256424,2.0372103505292916e-06,8.548700668457853e-07,335.25564235147874
4191700404923.5938,7.759182061049676e-11,7.759182061049675e-09,0.00011921936128283782,4.063978971558843e-09,0.012994744173546608,0.0010881390413771401,2.0372103505292916e-06,7.759182061049675e-07,304.2929758433739
4618217715682.493,7.042579754681682e-11,7.042579754681681e-09,0.00013135026675142094,4.091710430645856e-09,0.013916679087335211,0.0009828500609332666,2.0372103505292916e-06,7.042579754681681e-07,276.1898785600188
5088134362940.568,6.392159535736244e-11,6.392159535736243e-09,0.00014471552598523335,4.119557758012694e-09,0.014883818867315737,0.0008814553843290333,2.0372103505292916e-06,6.392159535736243e-07,250.6822538626766
5605866351303.152,5.8018091315389944e-11,5.801809131538993e-09,0.00015944073795309726,4.147520953659361e-09,0.015911830718874292,0.000787616799615742,2.0372103505292916e-06,5.801809131538994e-07,227.5303958613942
6176279026269.886,5.2659807707587525e-11,5.265980770758752e-09,0.00017566428167232177,4.175600017585853e-09,0.016990001084691696,0.0006991697011374954,2.0372103505292916e-06,5.265980770758752e-07,206.51673679782024
6804732795935.053,4.7796390486643055e-11,4.779639048664305e-09,0.00019353861661459653,4.203794949792173e-09,0.018124431062997937,0.0006199290716925395,2.0372103505292916e-06,4.779639048664305e-07,187.44380246936734
7497133504999.561,4.338213607305866e-11,4.338213607305865e-09,0.0002132317154318435,4.2321057502783215e-09,0.01931894300965728,0.0005479011520583353,2.0372103505292916e-06,4.3382136073058647e-07,170.13235648097884
8259987934480.462,3.937556185936914e-11,3.937556185936913e-09,0.0002349286424659583,4.260532419044296e-09,0.02056600714080157,0.00048379369211562707,2.0372103505292916e-06,3.9375561859369136e-07,154.4197158852512
9100464948671.975,3.573901638061256e-11,3.573901638061255e-09,0.0002588332928763555,4.289074956090097e-09,0.021881899941682843,0.00041863694709792554,2.0372103505292916e-06,3.5739016380612555e-07,140.1582223822761
10026462863981.904,3.2438325487659744e-11,3.243832548765974e-09,0.0002851703087286374,4.317733361415725e-09,0.02325618741662359,0.0003659060407143625,2.0372103505292916e-06,3.243832548765974e-07,127.21385471242071
11046683672736.834,2.944247119834463e-11,2.9442471198344626e-09,0.0003141871900506793,4.34650763502118e-09,0.02469526046928896,0.0003192545957232517,2.0372103505292916e-06,2.944247119834463e-07,115.46496920211597
12170714819468.053,2.6723300208425517e-11,2.6723300208425514e-09,0.00034615662069460294,4.375397776906464e-09,0.026203490684341742,0.00027854109974122097,2.0372103505292916e-06,2.6723300208425514e-07,104.80115662703733
13409119298164.941,2.4255259323130043e-11,2.4255259323130036e-09,0.00038137903086175813,4.404403787071573e-09,0.027774123324644226,0.0002424461103565195,2.0372103505292916e-06,2.425525932313004e-07,95.12220465013169
14773534917177.396,2.201515532302395e-11,2.2015155323023946e-09,0.0004201854203718304,4.433525665516511e-09,0.02942344313710419,0.00021064055165325197,2.0372103505292916e-06,2.2015155323023948e-07,86.33715608408846
16276783664601.186,1.998193700756219e-11,1.9981937007562185e-09,0.0004629404692075204,4.462763412241275e-09,0.03114266326728089,0.00018240570119795196,2.0372103505292916e-06,1.9981937007562187e-07,78.36345412835149
17932992201899.223,1.8136497368093032e-11,1.8136497368093031e-09,0.0005100459645659021,4.492117027245866e-09,0.03293851488863317,0.00015508083976702267,2.0372103505292916e-06,1.8136497368093033e-07,71.12616654810074
19757724618087.676,1.646149403125236e-11,1.646149403125236e-09,0.0005619445766218949,4.521586510530285e-09,0.034816218839435975,0.00013354037787050886,2.0372103505292916e-06,1.646149403125236e-07,64.55728150448988
21768128692034.184,1.4941186285378625e-11,1.4941186285378624e-09,0.0006191240184862965,4.551171862094529e-09,0.03677063520415605,0.00011485319504754507,2.0372103505292916e-06,1.4941186285378625e-07,58.59506841875817
23983097037356.39,1.3561287158417338e-11,1.3561287158417335e-09,0.0006821216294512507,4.580873081938603e-09,0.03881737849993363,9.848263903948224e-05,2.0372103505292916e-06,1.3561287158417336e-07,53.183497863988634
26423444644267.324,1.2308829157228773e-11,1.2308829157228771e-09,0.0007515294245938348,4.610690170062501e-09,0.04095023589984369,8.425249214568943e-05,2.0372103505292916e-06,1.2308829157228772e-07,48.27171503299066
29112104486803.24,1.117204240659458e-11,1.1172042406594578e-09,0.0008279996581910257,4.640623126466228e-09,0.04317601957394155,7.192101985395066e-05,2.0372103505292916e-06,1.1172042406594579e-07,43.81356183426289
32074343033636.855,1.0140244042744452e-11,1.014024404274445e-09,0.0009122509532277814,4.670671951149782e-09,0.0455006940907193,6.135108096803e-05,2.0372103505292916e-06,1.0140244042744451e-07,39.767143124971696
35337997687723.34,9.203737821986707e-12,9.203737821986705e-10,0.001005075054599846,4.700836644113162e-09,0.04792116959367202,4.910644889832779e-05,2.0372103505292916e-06,9.203737821986706e-08,36.09443300465195
38933738386096.734,8.353723001023765e-12,8.353723001023763e-10,0.0011073442694738977,4.73111720535637e-09,0.05045140485600667,4.195688577556356e-05,2.0372103505292916e-06,8.353723001023763e-08,32.76091746980967
42895355818183.07,7.582211632661414e-12,7.582211632661413e-10,0.0012200196647253144,4.761513634879405e-09,0.05308833873281846,3.582316764038633e-05,2.0372103505292916e-06,7.582211632661413e-08,29.735270071297492
47260078971137.26,6.881953499705538e-12,6.881953499705536e-10,0.0013441600984882794,4.792025932682267e-09,0.055838542337874976,3.057536887235282e-05,2.0372103505292916e-06,6.881953499705538e-08,26.989057526481368
52068924986311.836,6.2463679816182e-12,6.246367981618199e-10,0.001480932170691537,4.822654098764957e-09,0.05870861044754683,2.6057451840983443e-05,2.0372103505292916e-06,6.2463679816182e-08,24.496472519710895
57367084614605.56,5.669482213655532e-12,5.669482213655531e-10,0.0016316211860891462,4.853398133127472e-09,0.06169815690549129,2.2171338533672623e-05,2.0372103505292916e-06,5.669482213655531e-08,22.234091180107388
63204346892978.15,5.145874957342716e-12,5.145874957342715e-10,0.001797643232810462,4.8842580357698155e-09,0.06481912716435113,1.883835209863894e-05,2.0372103505292916e-06,5.1458749573427144e-08,20.180652957586073
69635567032996.01,4.670625654813238e-12,4.670625654813238e-10,0.0019805584899365795,4.915233806691986e-09,0.06807259942567709,1.4322833983147887e-05,2.0372103505292916e-06,4.670625654813239e-08,18.316860828514436
76721181918353.25,4.239268188254719e-12,4.239268188254719e-10,0.002182085889160107,4.946325445893984e-09,0.07146548421097716,1.2161137993460072e-05,2.0372103505292916e-06,4.2392681882547195e-08,16.62519995345574
84527778055716.42,3.8477489099192375e-12,3.847748909919237e-10,0.002404119268310083,4.97753295337581e-09,0.07500573025787655,1.0309220482916061e-05,2.0372103505292916e-06,3.847748909919237e-08,15.089773082847719
93128717316165.83,3.4923885482885393e-12,3.492388548288539e-10,0.002648745168543512,5.00885632913746e-09,0.07869674660077043,8.728184400142894e-06,2.0372103505292916e-06,3.492388548288539e-08,13.69615116385444
102604826347588.62,3.169847632410343e-12,3.169847632410342e-10,0.002918262442451199,5.040295573178939e-09,0.08254959263504333,7.382618010580854e-06,2.0372103505292916e-06,3.169847632410342e-08,12.431237744481132
113045156136724.62,2.87709510948358e-12,2.8770951094835794e-10,0.00321520385734358,5.071850685500244e-09,0.08657023934182145,6.236965340331764e-06,2.0372103505292916e-06,2.8770951094835798e-08,11.283145900699997
124547818858783.98,2.6113798607789898e-12,2.611379860778989e-10,0.003542359896731568,5.103521666101377e-09,0.09076721579014216,5.2671574970066615e-06,2.0372103505292916e-06,2.6113798607789894e-08,10.2410865300201
137220909878871.6,2.3702048482179376e-12,2.370204848217937e-10,0.0039028049836751445,5.135308514982336e-09,0.095150748376119,4.445739801731073e-06,2.0372103505292916e-06,2.3702048482179373e-08,9.295266961748005
151183523569649.6,2.151303648654152e-12,2.1513036486541516e-10,0.004299926372431435,5.167211232143125e-09,0.09972830204790002,3.0899514159268316e-06,2.0372103505292916e-06,2.151303648654152e-08,8.436798931137863
166566872491304.22,1.9526191553410936e-12,1.9526191553410934e-10,0.00473745597990922,5.199229817583739e-09,0.10451173354516638,2.6142526682993825e-06,2.0372103505292916e-06,1.9526191553410935e-08,7.657615052624973
183515520451226.03,1.7722842464336389e-12,1.7722842464336385e-10,0.005219505456063607,5.2313642713041816e-09,0.10951106540544109,2.2097400823581553e-06,2.0372103505292916e-06,1.7722842464336386e-08,6.9503930072065705
202188741030978.78,1.6086042388579172e-12,1.608604238857917e-10,0.005750604822801924,5.26361459330445e-09,0.11473711997686661,1.8663783738381273e-06,2.0372103505292916e-06,1.608604238857917e-08,6.308486731526988
222762014347212.34,1.4600409626608687e-12,1.4600409626608684e-10,0.0063357450445070875,5.2959807835845466e-09,0.12020243327899595,1.5757651869441132e-06,2.0372103505292916e-06,1.4600409626608683e-08,5.725863962021752
245428676112210.38,1.3251983061794995e-12,1.3251983061794992e-10,0.006980424930231517,5.328462842144468e-09,0.12591775231253885,1.3293321195071026e-06,2.0372103505292916e-06,1.3251983061794994e-08,5.197049547196811
270401734490986.25,1.2028090961917258e-12,1.2028090961917255e-10,0.007690702808321174,5.361060768984219e-09,0.13189662196704952,1.1208887375253976e-06,2.0372103505292916e-06,1.2028090961917256e-08,4.717073995324518
297915871828703.56,1.091723189756021e-12,1.0917231897560209e-10,0.008473253459078076,5.393774564103793e-09,0.1381520803321229,9.446849318010803e-07,2.0372103505292916e-06,1.0917231897560208e-08,4.2814267740373
328229650059494.6,9.908966658338913e-13,9.908966658338913e-11,0.009335430840481456,5.426604227503197e-09,0.14469754885232852,6.543343110604347e-07,2.0372103505292916e-06,9.908966658338913e-09,3.886013922955708
361627940521826.06,8.993820151243213e-13,8.993820151243211e-11,0.010285337196427338,5.459549759182428e-09,0.15154806546120383,5.532892910730181e-07,2.0372103505292916e-06,8.993820151243212e-09,3.5271195810189133
398424601014421.56,8.163192359198863e-13,8.16319235919886e-11,0.011331899196926187,5.4926111591414865e-09,0.158717599927421,4.675225062639776e-07,2.0372103505292916e-06,8.163192359198861e-09,3.2013710669736155
438965425250154.3,7.40927752308583e-13,7.409277523085828e-11,0.012484951825779786,5.525788427380373e-09,0.1662222282329239,3.947175306095061e-07,2.0372103505292916e-06,7.4092775230858295e-09,2.9057071848681493
483631392425173.5,6.724990787733013e-13,6.724990787733012e-11,0.013755330804065342,5.559081563899086e-09,0.17407815505495802,3.3315035381876296e-07,2.0372103505292916e-06,6.724990787733012e-09,2.637349456705128
532842247440830.6,6.10390162255095e-13,6.10390162255095e-11,0.015154974417969072,5.592490568697624e-09,0.18230202584161376,2.810045712577163e-07,2.0372103505292916e-06,6.103901622550951e-09,2.3937760119137588
587060445423263.4,5.540173391128112e-13,5.5401733911281115e-11,0.01669703570788846,5.62601544177599e-09,0.19091210620690435,2.3680377263021552e-07,2.0372103505292916e-06,5.540173391128112e-09,2.1726978882701804
646795497608944.1,5.028508501900873e-13,5.0285085019008715e-11,0.018396006073091276,5.659656183134184e-09,0.19992624198709003,1.9954020852737752e-07,2.0372103505292916e-06,5.028508501900872e-09,1.9720375215556192
712608759436314.5,4.56409862445488e-13,4.564098624454879e-11,0.020267851453496577,5.693412792772204e-09,0.20936407462823067,1.3733756198265222e-07,2.0372103505292916e-06,4.564098624454879e-09,1.789909221810607
785118705839211.5,4.1425795036194955e-13,4.142579503619495e-11,0.02233016236833491,5.7272852706900525e-09,0.21924583658640906,1.1607183762290107e-07,2.0372103505292916e-06,4.1425795036194944e-09,1.6246014527124168
865006743316248.4,3.759989946724254e-13,3.759989946724254e-11,0.024602319221664545,5.7612736168877275e-09,0.22959242712604092,9.807598059568912e-08,2.0372103505292916e-06,3.7599899467242535e-09,1.4745607475475464
953023613394602.6,3.41273459860339e-13,3.412734598603389e-11,0.02710567442818895,5.795377831365229e-09,0.2404263158790919,8.279926396225721e-08,2.0372103505292916e-06,3.412734598603389e-09,1.3383771106308868
1049996447664279.2,3.0975501545293733e-13,3.0975501545293726e-11,0.029863753070889093,5.829597914122558e-09,0.25177012390906495,6.985583647273798e-08,2.0372103505292916e-06,3.097550154529373e-09,1.214770766982537
1156836540681930.5,2.811474693564357e-13,2.8114746935643565e-11,0.03290247397613364,5.8639338651597135e-09,0.26364819501351705,5.892165291821204e-08,2.0372103505292916e-06,2.8114746935643564e-09,1.1025801357434584
1274547913789541.2,2.551819844141877e-13,2.5518198441418762e-11,0.03625039328380444,5.8983856844766975e-09,0.2760859098193102,4.96616684226981e-08,2.0372103505292916e-06,2.5518198441418766e-09,1.0007509143110116
1404236750325747.8,2.3161455203072433e-13,2.316145520307243e-11,0.03993897280136724,5.932953372073508e-09,0.2891096443948357,4.182390115551523e-08,2.0372103505292916e-06,2.316145520307243e-09,0.9083261706134601
1547121790896452.0,2.102236991202371e-13,2.1022369912023707e-11,0.044002875663724184,5.967636927950145e-09,0.30274736327112384,3.5219267933363903e-08,2.0372103505292916e-06,2.1022369912023707e-09,0.8244373504163542
1704545786393496.2,1.9080840683073078e-13,1.9080840683073074e-11,0.048480292077288704,6.00243635210661e-09,0.3170278652781839,2.413612922133638e-08,2.0372103505292916e-06,1.9080840683073077e-09,0.7482961151526523
1877988116390173.2,1.7318622148522982e-13,1.731862214852298e-11,0.053413298209435675,6.037351644542902e-09,0.3319816402201174,2.03871448619459e-08,2.0372103505292916e-06,1.7318622148522981e-09,0.6791869335732661
2069078691494026.5,1.5719153998774682e-13,1.571915399877468e-11,0.05884825159596397,6.072382805259021e-09,0.3476404977618059,1.7215726276324076e-08,2.0372103505292916e-06,1.5719153998774682e-09,0.616460357598612
2279613270303138.0,1.4267405358125865e-13,1.4267405358125861e-11,0.06483622678238025,6.107529834254967e-09,0.36403768710561296,1.4526427990331989e-08,2.0372103505292916e-06,1.4267405358125862e-09,0.5595269191815426
2511570334905832.0,1.2949733533302487e-13,1.2949733533302486e-11,0.0714334952929095,6.142792731530739e-09,0.38120816994517015,1.2250106623039809e-08,2.0372103505292916e-06,1.294973353330249e-09,0.507851590827895
2767129683509943.5,1.1753755807325516e-13,1.1753755807325513e-11,0.07870205443770259,6.17817149708634e-09,0.3991883270756434,1.032708806514655e-08,2.0372103505292916e-06,1.1753755807325514e-09,0.46094875771784277
3048692914924437.5,1.0668233073905357e-13,1.0668233073905355e-11,0.08671020992766532,6.213666130921766e-09,0.41801644121380055,8.699637672124039e-09,2.0372103505292916e-06,1.0668233073905356e-09,0.41837765417895145
3358905997394718.0,9.682964218827399e-14,9.682964218827398e-12,0.09553321777198696,6.2492766330370195e-09,0.43773250598173846,7.324401368169831e-09,2.0372103505292916e-06,9.682964218827398e-10,0.3797382216255534
3700684133880319.0,8.788690255786541e-14,8.78869025578654e-12,0.10525399149054539,6.285003003432102e-09,0.4583784135150156,6.1647504809497765e-09,2.0372103505292916e-06,8.788690255786539e-10,0.3446673490397724
4077239157444699.5,7.977007315793922e-14,7.97700731579392e-12,0.11596388128716782,6.32084524210701e-09,0.47999806512019233,4.19967797840042e-09,2.0372103505292916e-06,7.977007315793922e-10,0.3128354606643836
4492109714202875.5,7.240287672481576e-14,7.240287672481575e-12,0.12776353250595923,6.356803349061745e-09,0.5026373488770522,3.545857161858151e-09,2.0372103505292916e-06,7.240287672481575e-10,0.28394341884065355
4949194517469187.0,6.571608061145539e-14,6.571608061145538e-12,0.14076383143798524,6.39287732429631e-09,0.5263444050104296,2.9927215559747786e-09,2.0372103505292916e-06,6.571608061145538e-10,0.25771971288578815
5452788985607715.0,5.964684617912641e-14,5.96468461791264e-12,0.15508694736643389,6.429067167810698e-09,0.5511695796699684,2.5249045336462208e-09,2.0372103505292916e-06,5.96468461791264e-10,0.23391790759273628
6007625607887603.0,5.41381382762531e-14,5.413813827625309e-12,0.17086748064281937,6.465372879604913e-09,0.5771656249420914,2.128485744137956e-09,2.0372103505292916e-06,5.413813827625309e-10,0.21231432737476594
6618918417677365.0,4.913818925508198e-14,4.9138189255081974e-12,0.18825372758315986,6.501794459678958e-09,0.604387772148001,1.7935082761212042e-09,2.0372103505292916e-06,4.913818925508198e-10,0.19270595429179824
7292411990911785.0,4.4600012489298826e-14,4.460001248929882e-12,0.20740907407089804,6.538331908032828e-09,0.6328938399409022,1.5107525561959854e-09,2.0372103505292916e-06,4.460001248929882e-10,0.17490852020534248
8034435430291263.0,4.048096082091328e-14,4.0480960820913275e-12,0.22851353096285668,6.574985224666527e-09,0.6627444086741805,1.2717735870847571e-09,2.0372103505292916e-06,4.048096082091327e-10,0.15875477513319644
8851961842524483.0,3.674232578696055e-14,3.674232578696055e-12,0.25176542572704635,6.611754409580052e-09,0.694002875590615,1.069920417058349e-09,2.0372103505292916e-06,3.674232578696055e-10,0.14409291553095033
9752673867548824.0,3.334897385977312e-14,3.334897385977311e-12,0.2773832662094057,6.648639462773404e-09,0.7267356588199154,8.999359326621535e-10,2.0372103505292916e-06,3.3348973859773115e-10,0.13078515773014904
1.0745035875532346e+16,3.026901628242954e-14,3.0269016282429536e-12,0.3056077940440247,6.6856403842465824e-09,0.7610122886124773,6.105972421509212e-10,2.0372103505292916e-06,3.0269016282429535e-10,0.11870644312715083
1.1838373510124974e+16,2.747350939667595e-14,2.7473509396675946e-12,0.3367042470036674,6.722757173999591e-09,0.7969055815455587,5.151664928104531e-10,2.0372103505292916e-06,2.7473509396675943e-10,0.10774326295476129
1.3042961325458048e+16,2.4936182647183934e-14,2.493618264718393e-12,0.37096485155078934,6.759989832032422e-09,0.8344917992469191,4.345382277429717e-10,2.0372103505292916e-06,2.493618264718393e-10,0.09779259159256014
1.4370119340456582e+16,2.263319170607836e-14,2.2633191706078354e-12,0.40871156901267536,6.797338358345084e-09,0.8738507756227558,3.663577285881717e-10,2.0372103505292916e-06,2.2633191706078358e-10,0.08876091839175701
1.583231941782289e+16,2.0542894397749733e-14,2.0542894397749727e-12,0.45029912118757964,6.834802752937571e-09,0.9150661351069339,3.086425578598598e-10,2.0372103505292916e-06,2.054289439774973e-10,0.08056336891625644
1.744330246738282e+16,1.8645647318215492e-14,1.8645647318215487e-12,0.4961183238148519,6.872383015809885e-09,0.9582254262424053,2.59942505994357e-10,2.0372103505292916e-06,1.8645647318215486e-10,0.07312290734183728
1.9218207575201024e+16,1.6923621237782165e-14,1.6923621237782162e-12,0.5465997592349937,6.910079146962029e-09,1.0034203379178332,2.1883744600596124e-10,2.0372103505292916e-06,1.692362123778216e-10,0.06636961251807759
2.1173714271946944e+16,1.5360633552266777e-14,1.5360633552266774e-12,0.602217822753207,6.947891146393995e-09,1.0507468861653457,1.8411926473752092e-10,2.0372103505292916e-06,1.5360633552266775e-10,0.06024002088986307
2.3328199277468972e+16,1.394199620825023e-14,1.3941996208250228e-12,0.6634951807318646,6.985819014105794e-09,1.100305602169441,1.5485075054290324e-10,2.0372103505292916e-06,1.3941996208250228e-10,0.05467653010363274
2.570190919456756e+16,1.2654377673255584e-14,1.2654377673255583e-12,0.7310076823063635,7.023862750097414e-09,1.1522017732864722,1.301724288874762e-10,2.0372103505292916e-06,1.2654377673255582e-10,0.04962685769381174
2.831715077484857e+16,1.1485677653722824e-14,1.1485677653722822e-12,0.8053897708819673,7.0620223543688656e-09,1.2065456411647366,8.77941911223944e-11,2.0372103505292916e-06,1.1485677653722822e-10,0.04504354976246359
3.119850054465928e+16,1.042491338345601e-14,1.0424913383456008e-12,0.8873404462655881,7.1002978269201436e-09,1.2634526543642972,7.404757745190947e-11,2.0372103505292916e-06,1.0424913383456008e-10,0.04088353503503306
3.4373035761057044e+16,9.462116413943889e-15,9.462116413943887e-13,0.977629833461359,7.138689167751248e-09,1.3230437062194786,6.242312895469681e-11,2.0372103505292916e-06,9.462116413943887e-11,0.03710772010143951
3.78705888681933e+16,8.588238936652546e-15,8.588238936652544e-13,1.0771064198595204,7.1771963768621784e-09,1.385445386618804,5.2598867006533334e-11,2.0372103505292916e-06,8.588238936652546e-11,0.03368062203884411
4.1724027845355336e+16,7.795068756958075e-15,7.795068756958074e-13,1.186705028829768,7.21581945425294e-09,1.4507902622688136,4.430469121479631e-11,2.0372103505292916e-06,7.795068756958074e-11,0.030570034963680128
4.5969565081205064e+16,7.0751521206963774e-15,7.075152120696376e-13,1.3074556046500205,7.254558399923523e-09,1.519217147493214,3.729820213465729e-11,2.0372103505292916e-06,7.075152120696376e-11,0.027746727379406373
5.064709767684589e+16,6.421723668096138e-15,6.421723668096136e-13,1.440492891326552,7.293413213873936e-09,1.5908714073049324,3.1388157283150066e-11,2.0372103505292916e-06,6.421723668096138e-11,0.025184167475823454
5.580058237568046e+16,5.828642856844591e-15,5.828642856844591e-13,1.5870670962612043,7.332383896104176e-09,1.6659052622358999,2.6402586510456608e-11,2.0372103505292916e-06,5.82864285684459e-11,0.022858273798482404
6.147844864343637e+16,5.290336256825862e-15,5.290336256825861e-13,1.7485556389767396,7.371470446614242e-09,1.7444781103801243,2.2199729770358736e-11,2.0372103505292916e-06,5.290336256825862e-11,0.02074718894511748
6.7734053780251224e+16,4.8017451742509865e-15,4.801745174250986e-13,1.9264760953081843,7.410672865404137e-09,1.8267568703087351,1.8655234106684568e-11,2.0372103505292916e-06,4.801745174250986e-11,0.018831074162432106
7.462618434168539e+16,4.358278112982679e-15,4.358278112982678e-13,2.1225004587018472,7.449991152473858e-09,1.9129163313855633,1.5673013307514807e-11,2.0372103505292916e-06,4.358278112982679e-11,0.017091922912982064
8.221960858074315e+16,3.955767626312365e-15,3.955767626312365e-13,2.338470852641914,7.489425307823408e-09,2.003139528300537,1.0525078627646199e-11,2.0372103505292916e-06,3.9557676263123645e-11,0.015513391660159456
9.058568510241323e+16,3.590431153709005e-15,3.590431153709004e-13,2.5764168418603473,7.528975331452781e-09,2.0976181283818316,8.870210102127595e-12,2.0372103505292916e-06,3.590431153709004e-11,0.014080646281098732
9.980303345053294e+16,3.2588354745047215e-15,3.258835474504721e-13,2.838574505011439,7.568641223361986e-09,2.196552838284027,7.473057649512956e-12,2.0372103505292916e-06,3.2588354745047213e-11,0.012780222664176591
1.099582729287408e+17,2.957864444474798e-15,2.957864444474797e-13,3.1274074480443192,7.608422983551012e-09,2.3001538319663757,6.293330523498525e-12,2.0372103505292916e-06,2.957864444474798e-11,0.01159990018108665
1.2114683659855213e+17,2.6846897121180398e-15,2.6846897121180393e-13,3.445629955745603,7.64832061201987e-09,2.4086411955577174,5.297126803341823e-12,2.0372103505292916e-06,2.6846897121180394e-11,0.010528586844448564
1.3347386810401629e+17,2.4367441394469595e-15,2.436744139446959e-13,3.79623249901626,7.688334108768553e-09,2.5222453961187727,4.456775917208241e-12,2.0372103505292916e-06,2.436744139446959e-11,0.009556215071732795
1.4705520975081942e+17,2.2116976775109853e-15,2.2116976775109848e-13,4.182509837586069,7.728463473797064e-09,2.6412077706628088,3.7488135271397095e-12,2.0372103505292916e-06,2.211697677510985e-11,0.008673647075947734
1.620184911252074e+17,2.0074354699454177e-15,2.0074354699454172e-13,4.608091982258078,7.768708707105402e-09,2.7657810386607777,3.151522774749226e-12,2.0372103505292916e-06,2.0074354699454172e-11,0.00787258899400791
1.7850432848294528e+17,1.822037978775694e-15,1.8220379787756935e-13,5.076978307648522,7.809069808693565e-09,2.89622983951684,2.6483994849010603e-12,2.0372103505292916e-06,1.8220379787756938e-11,0.00714551294581039
1.9666764617949248e+17,1.653762945710654e-15,1.6537629457106537e-13,5.593575135994391,7.849546778561562e-09,3.032831294145776,2.224988397179857e-12,2.0372103505292916e-06,1.653762945710654e-11,0.006485586291575187
2.1667913255939386e+17,1.5010290194078852e-15,1.501029019407885e-13,6.162737145218554,7.890139616709376e-09,3.1758755941403227,1.86809066926344e-12,2.0372103505292916e-06,1.5010290194078852e-11,0.005886607422652698
2.3872684398654016e+17,1.3624008948491602e-15,1.36240089484916e-13,6.789812990382785,7.930848323137026e-09,3.3256666180267596,1.2462852812435442e-12,2.0372103505292916e-06,1.36240089484916e-11,0.005342947482395365
2.6301797208899094e+17,1.2365758251749203e-15,1.2365758251749202e-13,7.480695567251147,7.971672897844498e-09,3.482522576730483,1.0500339769790952e-12,2.0372103505292916e-06,1.23657582517492e-11,0.00484949746942203
2.8978079082596243e+17,1.122371379223383e-15,1.1223713792233828e-13,8.241877390313302,8.012613340831798e-09,3.6467766898128815,8.840635006401354e-13,2.0372103505292916e-06,1.122371379223383e-11,0.004401620226180289
3.1926680167432685e+17,1.018714329727104e-15,1.0187143297271039e-13,9.080511605676532,8.053669652098926e-09,3.8187778932001843,7.443028366627385e-13,2.0372103505292916e-06,1.018714329727104e-11,0.003995106861624701
3.5175309709391034e+17,9.246305677443567e-16,9.246305677443565e-14,10.004479212192276,8.094841831645884e-09,3.99889158046447,6.262212199294328e-13,2.0372103505292916e-06,9.246305677443565e-12,0.0036261371984950682
3.875449644819941e+17,8.392359485473055e-16,8.392359485473054e-14,11.022463122520225,8.136129879472662e-09,4.18750037906744,5.266907209621709e-13,2.0372103505292916e-06,8.392359485473054e-12,0.0032912438735024194
4.26978755087559e+17,7.617279829416384e-16,7.617279829416383e-14,12.144029760115433,8.177533795579273e-09,4.38500496320142,4.4283223149288895e-13,2.0372103505292916e-06,7.617279829416383e-12,0.002987279753055893
4.704250448455792e+17,6.913782959377542e-16,6.913782959377542e-14,13.379718958937046,8.219053579965708e-09,4.591824904968001,3.7217778877085363e-13,2.0372103505292916e-06,6.913782959377541e-12,0.0027113883583234195
5.182921168351431e+17,6.275257819042424e-16,6.275257819042423e-14,14.741143010706661,8.26068923263197e-09,4.80839956570297,3.126808013676382e-13,2.0372103505292916e-06,6.275257819042424e-12,0.002460977021697177
5.710297980874602e+17,5.695703918799057e-16,5.695703918799055e-14,16.241095790503135,8.302440753578059e-09,5.035189029340717,2.6261185103164476e-13,2.0372103505292916e-06,5.695703918799056e-12,0.0022336925224044376
6.291336867998717e+17,5.169674946610162e-16,5.169674946610161e-14,17.893672986193497,8.344308142803975e-09,5.2726750798009965,2.20472525677201e-13,2.0372103505292916e-06,5.169674946610161e-12,0.0020273989723011217
6.931498096808233e+17,4.692227586725344e-16,4.692227586725343e-14,19.714404561548015,8.386291400309723e-09,5.521362224474599,1.8501044782245844e-13,2.0372103505292916e-06,4.692227586725344e-12,0.0018401577440314255
7.636797531927293e+17,4.258875065261775e-16,4.2588750652617744e-14,21.720400697848063,8.428390526095292e-09,5.781778765981752,1.2278464768060605e-13,2.0372103505292916e-06,4.258875065261775e-12,0.0016702092529303674
8.41386316913314e+17,3.865544986100445e-16,3.8655449861004445e-14,23.930512585465447,8.470605520160693e-09,6.054477924480588,1.0338341258502812e-13,2.0372103505292916e-06,3.8655449861004445e-12,0.0015159564214656557
9.269997421422884e+17,3.5085410608653187e-16,3.5085410608653184e-14,26.36550957643488,8.512936382505915e-09,6.340039012909296,8.698962443940697e-14,2.0372103505292916e-06,3.5085410608653184e-12,0.0013759496708277339
1.0213245742863799e+18,3.1845083733447916e-16,3.1845083733447913e-14,29.048274362801926,8.555383113130972e-09,6.639068667659224,7.31944326398588e-14,2.0372103505292916e-06,3.184508373344791e-12,0.0012488732986272234
1.1252472235112403e+18,2.890401851931601e-16,2.8904018519316005e-14,32.00401801491394,8.59794571203585e-09,6.952202137292667,6.155235542484363e-14,2.0372103505292916e-06,2.890401851931601e-12,0.0011335331146856498
1.239744294711085e+18,2.6234576538025027e-16,2.6234576538025022e-14,35.260516900465824,8.640624179220558e-09,7.280104632043779,5.173474065288939e-14,2.0372103505292916e-06,2.623457653802502e-12,0.0010288452187274027
1.3658917650760328e+18,2.381167191923684e-16,2.3811671919236837e-14,38.84837371072107,8.683418514685088e-09,7.623472736968623,4.347407504670439e-14,2.0372103505292916e-06,2.381167191923684e-12,0.0009338258145125243
1.5048750955029005e+18,2.1612535608019256e-16,2.161253560801925e-14,42.801305046889595,8.726328718429449e-09,7.983035891747281,3.6524807992140116e-14,2.0372103505292916e-06,2.1612535608019254e-12,0.0008475819646891202
1.658000370870395e+18,1.9616501394450058e-16,1.9616501394450056e-14,47.156458269225894,8.769354790453639e-09,8.359557940280919,3.066634591257497e-14,2.0372103505292916e-06,1.9616501394450057e-12,0.0007693031994850992
1.8267065738686403e+18,1.7804811704540704e-16,1.78048117045407e-14,51.95476058641409,8.812496730757653e-09,8.753838753376046,2.5745053349927854e-14,2.0372103505292916e-06,1.7804811704540702e-12,0.0006982539003824695
2.0125791077255273e+18,1.6160441327414105e-16,1.6160441327414103e-14,57.24130366578397,8.855754539341499e-09,9.166715927963418,2.1609130682156993e-14,2.0372103505292916e-06,1.6160441327414103e-12,0.0006337663872003323
2.2173646949083139e+18,1.4667937422230248e-16,1.4667937422230247e-14,63.06576737869279,8.899128216205165e-09,9.599066566460582,1.8124191105900622e-14,2.0372103505292916e-06,1.4667937422230248e-12,0.0005752346436231216
2.442987791810272e+18,1.3313274301332942e-16,1.3313274301332941e-14,69.48288666319893,8.942617761348662e-09,10.051809140059069,1.1932954536429878e-14,2.0372103505292916e-06,1.3313274301332943e-12,0.0005221086222100673
2.6915686736776356e+18,1.2083721624957943e-16,1.2083721624957941e-14,76.5529658913187,8.986223174771986e-09,10.52590543989351,1.0046257172867194e-14,2.0372103505292916e-06,1.208372162495794e-12,0.0004738890753678168
2.965443359729023e+18,1.09677247688689e-16,1.0967724768868899e-14,84.34244557460711,9.029944456475139e-09,11.022362620238725,8.452550488457392e-15,2.0372103505292916e-06,1.0967724768868898e-12,0.00043012286371054787
3.267185565711527e+18,9.954796240688798e-17,9.954796240688796e-15,92.92452673361694,9.073781606458116e-09,11.54223533807417,7.107454413609998e-15,2.0372103505292916e-06,9.954796240688797e-13,0.0003903986977183821
3.5996308901914957e+18,9.035417124517333e-17,9.035417124517333e-15,102.37985879871715,9.11773462472092e-09,12.086627993562143,5.9755823893496555e-15,2.0372103505292916e-06,9.035417124517333e-13,0.0003543432726765551
3.96590346186806e+18,8.200947627670682e-17,8.20094762767068e-15,112.79729750674392,9.161803511263551e-09,12.656697076198085,5.021632026807975e-15,2.0372103505292916e-06,8.200947627670682e-13,0.0003216177605738478
4.369445298326226e+18,7.443545888911032e-17,7.44354588891103e-15,124.2747399157805,9.20598826608601e-09,13.253653621618412,4.2172627741392105e-15,2.0372103505292916e-06,7.443545888911032e-13,0.00029191462599306944
4.81404865212538e+18,6.756094285174818e-17,6.756094285174818e-15,136.92004438503176,9.250288889188299e-09,13.87876578428381,3.5418465380873606e-15,2.0372103505292916e-06,6.756094285174817e-13,0.0002649547360712581
5.303891648193305e+18,6.132132544271848e-17,6.132132544271847e-15,150.85204416523888,9.294705380570406e-09,14.533361531503886,2.9737236295966908e-15,2.0372103505292916e-06,6.132132544271848e-13,0.00024048473737063586
5.843577547425727e+18,5.565797034986845e-17,5.565797034986844e-15,166.2016641247828,9.339237740232351e-09,15.218831464526756,2.4950719376758822e-15,2.0372103505292916e-06,5.565797034986844e-13,0.00021827467500965642
6.438178005466914e+18,5.051765664068351e-17,5.051765664068349e-15,183.11315110579122,9.383885968174117e-09,15.936631772685214,2.0937250965856853e-15,2.0372103505292916e-06,5.051765664068349e-13,0.0001981158316801731
7.093280733193709e+18,4.585207862277008e-17,4.585207862277007e-15,201.74542947246445,9.428650064395713e-09,16.68828732687697,1.756294276825053e-15,2.0372103505292916e-06,4.585207862277008e-13,0.00017981876624299163
7.815042006787088e+18,4.16173918949274e-17,4.161739189492739e-15,222.27359459023333,9.473530028897135e-09,17.47539491894875,1.4725996764419588e-15,2.0372103505292916e-06,4.1617391894927396e-13,0.0001632115334697299
8.610244520852159e+18,3.777380132284429e-17,3.777380132284429e-15,244.89055827065002,9.518525861678387e-09,18.299626653867858,9.626764326495074e-16,2.0372103505292916e-06,3.777380132284429e-13,0.000148138068201092
9.486361128254863e+18,3.4285187067468357e-17,3.428518706746835e-15,269.80886164489624,9.563637562739458e-09,19.16273350188529,8.101403249663574e-16,2.0372103505292916e-06,3.428518706746835e-13,0.00013445671873686313
1.0451625065667633e+19,3.111876515166613e-17,3.111876515166612e-15,297.2626725023078,9.608865132080362e-09,20.06654901823884,6.813879493985257e-16,2.0372103505292916e-06,3.1118765151666127e-13,0.00012203891567522458
1.15151073247605e+19,2.8244779375388304e-17,2.8244779375388298e-15,327.50998586367194,9.65420856970109e-09,21.012993238295646,5.726492426069222e-16,2.0372103505292916e-06,2.82447793753883e-13,0.00011076796369195846
1.2686801896130204e+19,2.563622168412554e-17,2.5636221684125535e-15,360.8350484690971,9.69966787560165e-09,22.004076756411656,4.812975981376527e-16,2.0372103505292916e-06,2.563622168412554e-13,0.00010053794490533798
1.3977719687037247e+19,2.3268578362850056e-17,2.3268578362850052e-15,397.55102996429537,9.745243049782034e-09,23.041904997170096,4.043112058174406e-16,2.0372103505292916e-06,2.3268578362850053e-13,9.125272352120226e-05
1.5399991995538555e+19,2.111959967031165e-17,2.1119599670311647e-15,438.00296588763183,9.790934092242242e-09,24.12868268807545,3.3942545976815926e-16,2.0372103505292916e-06,2.1119599670311648e-13,8.282504240441133e-05
1.6966984513403318e+19,1.9169090748851023e-17,1.916909074885102e-15,482.5710001143596,9.836741002982281e-09,25.26671854320239,2.8488227838532877e-16,2.0372103505292916e-06,1.9169090748851021e-13,7.51757030868079e-05
1.869342292914603e+19,1.7398721844819253e-17,1.739872184481925e-15,531.6739572286699,9.882663782002148e-09,26.45843016775021,2.3908443425433384e-16,2.0372103505292916e-06,1.739872184481925e-13,6.823282150586558e-05
2.059553131152305e+19,1.5791856056163396e-17,1.5791856056163393e-15,585.7732783946954,9.928702429301843e-09,27.70634919392282,2.0056012972709165e-16,2.0372103505292916e-06,1.5791856056163393e-13,6.193115247987995e-05
2.2691184573937283e+19,1.4333392988453557e-17,1.4333392988453554e-15,645.3773577134018,9.974856944881357e-09,29.013126659042683,1.6817097932817055e-16,2.0372103505292916e-06,1.4333392988453555e-13,5.621147657152724e-05
2.500007645252716e+19,1.300962685011712e-17,1.3009626850117117e-15,711.0463198160584,1.0021127328740706e-08,30.381538637326173,1.410351714021894e-16,2.0372103505292916e-06,1.3009626850117117e-13,5.1020043577872325e-05
2.7543904576496484e+19,1.1808117653344995e-17,1.1808117653344993e-15,783.3972835912164,1.0067513580879879e-08,31.8144921372818,1.1823049651256977e-16,2.0372103505292916e-06,1.1808117653344994e-13,4.630806741708211e-05
3.034657436987395e+19,1.0717574310287106e-17,1.0717574310287105e-15,863.1101615108049,1.0114015701298882e-08,33.315031277262484,7.650640686473219e-17,2.0372103505292916e-06,1.0717574310287105e-13,4.2031267665068385e-05
3.3434423700847067e+19,9.727748525946271e-18,9.72774852594627e-16,950.9340490538756,1.0160633689997709e-08,34.886343752287495,6.436320659352683e-17,2.0372103505292916e-06,9.727748525946271e-14,3.814945343370045e-05
3.6836470389801538e+19,8.829338490634103e-18,8.829338490634101e-16,1047.6942642722954,1.0207367546976368e-08,36.531767605875785,5.4141288754579257e-17,2.0372103505292916e-06,8.829338490634103e-14,3.46261456801032e-05
4.058468490199627e+19,8.01390146694918e-18,8.013901466949178e-16,1154.3001036519508,1.0254217272234846e-08,38.25479832127275,4.551096452831251e-17,2.0372103505292916e-06,8.013901466949179e-14,3.142823439773304e-05
4.471429078748935e+19,7.273774449818128e-18,7.273774449818127e-16,1271.75338715476,1.0301182865773153e-08,40.05909624713844,3.8235036911059084e-17,2.0372103505292916e-06,7.273774449818128e-14,2.852566746770253e-05
4.926409569166874e+19,6.6020021540105346e-18,6.602002154010534e-16,1401.1578727426747,1.0348264327591294e-08,41.94849437346912,3.211456625989421e-17,2.0372103505292916e-06,6.602002154010534e-14,2.589116824636612e-05
5.427685604703615e+19,5.992271652394986e-18,5.992271652394985e-16,1543.729628855986,1.0395461657689258e-08,43.92700647427214,2.696446132032058e-17,2.0372103505292916e-06,5.992271652394985e-14,2.349997923521449e-05
5.9799678873409585e+19,5.438853050704249e-18,5.438853050704248e-16,1700.8084623205925,1.0442774856067047e-08,45.998835634294004,2.262792946379142e-17,2.0372103505292916e-06,5.438853050704249e-14,2.132962942423491e-05
6.588446446242074e+19,4.9365456413065316e-18,4.93654564130653e-16,1873.870509076806,1.0490203922724664e-08,48.168383177911245,1.8979004372287726e-17,2.0372103505292916e-06,4.936545641306531e-14,1.9359723122369766e-05
7.2588394106413335e+19,4.480629029965582e-18,4.480629029965581e-16,2064.5421060504564,1.053774885766211e-08,50.44025801915764,1.5919572872435012e-17,2.0372103505292916e-06,4.480629029965581e-14,1.7571748290618022e-05
7.9974467455121e+19,4.066818776308737e-18,4.066818776308737e-16,2274.6150745256855,1.0585409660879381e-08,52.81928645274529,1.3348494217332146e-17,2.0372103505292916e-06,4.0668187763087365e-14,1.594890257661105e-05
8.811209454990772e+19,3.691226131136373e-18,3.6912261311363724e-16,2506.0635586441663,1.0633186332376481e-08,55.31052240688459,1.1189248510309873e-17,2.0372103505292916e-06,3.691226131136372e-14,1.4475935415831193e-05
9.707774809914884e+19,3.3503214922084683e-18,3.3503214922084677e-16,2761.062577268737,1.0681078872153405e-08,57.91925817967832,9.376622283571782e-18,2.0372103505292916e-06,3.350321492208468e-14,1.3139004715636367e-05
1.06955682124478e+20,3.040901235085882e-18,3.0409012350858816e-16,3042.0084635516623,1.0729087280210158e-08,60.651035681903885,7.85737166092591e-18,2.0372103505292916e-06,3.040901235085882e-14,1.1925546775285932e-05
1.1783872373129947e+20,2.7600576073227597e-18,2.7600576073227596e-16,3351.5413842861185,1.0777211556546737e-08,63.51165821006086,6.582977246638071e-18,2.0372103505292916e-06,2.7600576073227598e-14,1.0824158219555506e-05
1.2982914544419106e+20,2.5051514030922124e-18,2.505151403092212e-16,3692.570150665443,1.0825451701163143e-08,66.50720277470113,4.234682299274433e-18,2.0372103505292916e-06,2.505151403092212e-14,9.824488836417476e-06
1.4303962630487985e+20,2.2737871614579464e-18,2.2737871614579457e-16,4068.299553606677,1.0873807714059382e-08,69.64403301022553,3.56075726049803e-18,2.0372103505292916e-06,2.273787161457946e-14,8.917144311740708e-06
1.5759431076464014e+20,2.0637906552192205e-18,2.0637906552192202e-16,4482.260480520178,1.092227959523544e-08,72.92881269357451,2.9930564011876974e-18,2.0372103505292916e-06,2.06379065521922e-14,8.093597946965127e-06
1.7362997532198443e+20,1.8731884587821922e-18,1.8731884587821921e-16,4938.343096545614,1.097086734469133e-08,76.36851990053432,2.5146242884584742e-18,2.0372103505292916e-06,1.8731884587821923e-14,7.3461105301244365e-06
1.9129731386900398e+20,1.7001894030487861e-18,1.7001894030487859e-16,5440.833402071568,1.1019570962427045e-08,79.97046182972487,2.1114025606711964e-18,2.0372103505292916e-06,1.7001894030487858e-14,6.667657607212992e-06
2.107623538253362e+20,1.5431677430463398e-18,1.5431677430463395e-16,5994.453510086217,1.1068390448442592e-08,83.74229032576962,1.772620898010557e-18,2.0372103505292916e-06,1.5431677430463395e-14,6.051863470433231e-06
2.322080163677269e+20,1.4006478801176365e-18,1.4006478801176363e-16,6604.406021861138,1.111732580273796e-08,87.69201813461544,1.487450094231139e-18,2.0372103505292916e-06,1.4006478801176365e-14,5.492941242985227e-06
2.5583583541736417e+20,1.2712904950988865e-18,1.2712904950988861e-16,7276.4229179865115,1.1166377025313154e-08,91.82803592554374,1.2475366033847096e-18,2.0372103505292916e-06,1.2712904950988863e-14,4.9856384973483046e-06
2.8186785153898263e+20,1.1538799621736815e-18,1.1538799621736813e-16,8016.819424205915,1.1215544116168178e-08,96.15913011602416,1.0458979010458074e-18,2.0372103505292916e-06,1.1538799621736815e-14,4.525187896008325e-06
3.105486985495627e+20,1.0473129251252375e-18,1.0473129251252374e-16,8832.5533582523,1.126482707530303e-08,100.69450153728806,8.766752968557492e-19,2.0372103505292916e-06,1.0473129251252373e-14,4.1072623907792955e-06
3.421479024453012e+20,9.505879286335071e-19,9.505879286335071e-17,9731.290515390507,1.131422590271771e-08,105.44378498026289,7.347510614218054e-19,2.0372103505292916e-06,9.505879286335071e-15,3.7279345597098594e-06
