E_prime_GeV,rate_acc,rate_acc_2,rate_sync,rate_pp,rate_pg,t_ad_val,Shear,ESC
2.080891551107902,21.227268602815688,2122.726860281569,1.1178427912861603e-15,6.020519011286253e-11,1.0177670870131047e-14,5.128856209121483e-06,2.7409536976044293e-12,13134114608161.275
1.781158746662535,24.79938633850817,2479.9386338508166,9.568280788265662e-16,4.737227740797092e-11,7.995989475354009e-15,5.128856209121483e-06,2.3461451655593716e-12,15344319067919.578
1.6083831317487711,27.463384200423707,2746.33842004237,8.64014027302086e-16,3.499765320191004e-11,6.830684436630462e-15,5.128856209121483e-06,2.118564847737608e-12,16992635386376.775
1.4931588779990566,29.582681749105276,2958.2681749105273,8.021162309624019e-16,2.4105428975932633e-11,6.091734862003927e-15,5.128856209121483e-06,1.9667912753950986e-12,18303925002294.992
1.4135091239212536,31.24963478563156,3124.9634785631556,7.593288481330649e-16,1.5575117308982446e-11,5.600689840983871e-15,5.128856209121483e-06,1.861876491231262e-12,19335331945779.68
1.3593965237842378,32.49356837086343,3249.3568370863427,7.302598752936545e-16,9.719361195452004e-12,5.27762799340676e-15,5.128856209121483e-06,1.7905992873070228e-12,20105000742037.77
1.3254198649864137,33.32652924222619,3332.6529242226184,7.12007812571349e-16,6.277716690174991e-12,5.07816960252628e-15,5.128856209121483e-06,1.7458451776973428e-12,20620385163523.88
1.3084103093699186,33.75977976661511,3375.977976661511,7.028703786100469e-16,4.700950822759137e-12,4.979309829995062e-15,5.128856209121483e-06,1.7234401636845667e-12,20888453662954.617
1.3064324182113092,33.810890845141785,3381.0890845141785,7.018078670282092e-16,4.526198004418109e-12,4.967857619003359e-15,5.128856209121483e-06,1.720834882269606e-12,20920078021965.516
1.3183044781596582,33.50640509873746,3350.640509873746,7.081854683135397e-16,5.60307601925273e-12,5.036733785333915e-15,5.128856209121483e-06,1.7364727787261913e-12,20731681164854.3
1.3433445066196679,32.881843541273525,3288.1843541273524,7.216368253978236e-16,8.055199878229226e-12,5.1830669621645544e-15,5.128856209121483e-06,1.7694555444830336e-12,20345241287493.21
1.3812262331136884,31.980020962330975,3198.0020962330973,7.419866676855051e-16,1.2053532330573814e-11,5.407162602875904e-15,5.128856209121483e-06,1.8193534155422643e-12,19787249520879.965
1.4318935310512246,30.848413608146263,3084.841360814626,7.692048442998838e-16,1.7583506118542856e-11,5.711938468657896e-15,5.128856209121483e-06,1.8860924618686216e-12,19087081215696.855
1.4955081472151066,29.536210799621784,2953.6210799621786,8.033782446682839e-16,2.4347413388136076e-11,6.106503182317239e-15,5.128856209121483e-06,1.9698857365845693e-12,18275171666767.63
1.572417540620301,28.091548680684387,2809.154868068438,8.446935217447922e-16,3.182467086000989e-11,6.5968542220300814e-15,5.128856209121483e-06,2.0711909132634044e-12,17381304528454.973
1.6631355117037725,26.55925724503728,2655.925724503728,8.934266861241532e-16,3.9419285195779814e-11,7.192103618395694e-15,5.128856209121483e-06,2.1906847706669893e-12,16433217814829.295
1.7683313717728162,24.97927967223334,2497.927967223334,9.499372879326519e-16,4.660455550598626e-11,7.906968288962311e-15,5.128856209121483e-06,2.3292489267256787e-12,15455625883063.809
1.88882509544225,23.38577774897407,2338.577774897407,1.0146658127456779e-15,5.301019754749567e-11,8.756980648057122e-15,5.128856209121483e-06,2.487963453320792e-12,14469665923729.406
2.025586876362107,21.806837516654994,2180.683751665499,1.0881334429272334e-15,5.844305178473112e-11,9.758557546897353e-15,5.128856209121483e-06,2.6681062910884152e-12,13492715833788.736
2.1797400943811893,20.26463797338057,2026.4637973380568,1.1709436515728737e-15,6.286106871181487e-11,1.0942410878125348e-14,5.128856209121483e-06,2.8711571577720085e-12,12538498598918.795
2.3525670690307297,18.77593394474239,1877.5933944742392,1.2637852932475323e-15,6.632700062859385e-11,1.2326620822809737e-14,5.128856209121483e-06,3.098805126720334e-12,11617381063939.68
2.5455172111024895,17.35271861295568,1735.2718612955678,1.3674369829656829e-15,6.89618495130914e-11,1.3939472208265854e-14,5.128856209121483e-06,3.3529593641592394e-12,10736783864670.266
2.7602173424541063,16.002958611014392,1600.295861101439,1.4827726399305141e-15,7.090833718701421e-11,1.581582999163368e-14,5.128856209121483e-06,3.635762722455856e-12,9901636258507.818
2.998484063860333,14.731325212323917,1473.1325212323916,1.6107681314714028e-15,7.230695833576127e-11,1.7999799480877864e-14,5.128856209121483e-06,3.949608031072143e-12,9114828539131.668
3.2623381296595086,13.539872978558298,1353.9872978558296,1.752508995020067e-15,7.328295186489014e-11,2.0536904379632652e-14,5.128856209121483e-06,4.29715703087233e-12,8377631941621.631
3.554020847182669,12.42863950100709,1242.863950100709,1.9091992477881288e-15,7.39410718877948e-11,2.3466181782284348e-14,5.128856209121483e-06,4.681361975477325e-12,7690069725131.507
3.8760125655118296,11.396156008814257,1139.6156008814257,2.082171318820115e-15,7.43651477047022e-11,2.6851426649240208e-14,5.128856209121483e-06,5.10548998468685e-12,7051233105534.745
4.231053356560273,10.439869263338124,1043.9869263338123,2.272897158749031e-15,7.462014053967356e-11,3.0764326910940176e-14,5.128856209121483e-06,5.5731502856316604e-12,6459542297435.06
4.622166024850367,9.556481452897868,955.6481452897868,2.483000600514654e-15,7.475519382198868e-11,3.5287461066217454e-14,5.128856209121483e-06,6.088324521289884e-12,5912956819912.25
5.052681612779544,8.742217949568728,874.2217949568728,2.7142710606435007e-15,7.480680954075937e-11,4.048009438882896e-14,5.128856209121483e-06,6.6554003460643945e-12,5409141167786.886
5.526267597093398,7.993033835699482,799.3033835699481,2.9686786862295354e-15,7.480171942848734e-11,4.64654059929549e-14,5.128856209121483e-06,7.279208566222514e-12,4945592597394.404
6.046959000813902,7.30476986577085,730.476986577085,3.248391068080355e-15,7.475928603626432e-11,5.332293452723615e-14,5.128856209121483e-06,7.965064120577903e-12,4519737626090.576
6.619192673825176,6.673267581916569,667.3267581916568,3.5557916560477026e-15,7.469341424966548e-11,6.121836560737381e-14,5.128856209121483e-06,8.718811234933258e-12,4129003258581.912
7.2478450253565265,6.094452038387006,609.4452038387005,3.893500028697044e-15,7.461402273660173e-11,7.022445503279334e-14,5.128856209121483e-06,9.546873123367645e-12,3770868171682.6934
7.93827352326994,5.5643892540631406,556.438925406314,4.2643941864825015e-15,7.45281496701453e-11,8.056402550658508e-14,5.128856209121483e-06,1.045630665116475e-11,3442898262360.1504
8.696362308835296,5.07932424156476,507.9324241564759,4.6716350557377644e-15,7.444076895615356e-11,9.234523230566023e-14,5.128856209121483e-06,1.1454862418668111e-11,3142770177783.228
9.528572312000872,4.635704326141778,463.5704326141777,5.118693410306783e-15,7.435538471026815e-11,1.0583641858753491e-13,5.128856209121483e-06,1.2551050773196058e-11,2868285743603.3457
10.441996291457835,4.230191493635387,423.0191493635387,5.6093794387450514e-15,7.427445979104116e-11,1.2123567649710237e-13,5.128856209121483e-06,1.3754214307903156e-11,2617379604105.371
11.444419266472094,3.8596666951990954,385.9666695199095,6.147875207946823e-15,7.419972226022387e-11,1.3875823181880965e-13,5.128856209121483e-06,1.5074607462686303e-11,2388121885701.4785
12.544384853937128,3.5212283745291564,352.1228374529156,6.73877029902256e-15,7.41323831918287e-11,1.586760606783724e-13,5.128856209121483e-06,1.6523483903457424e-11,2178717285672.8623
13.751268074827742,3.212186952384064,321.2186952384064,7.387100918500788e-15,7.407329073139861e-11,1.8130340364472975e-13,5.128856209121483e-06,1.8113192422921418e-11,1987501659533.1724
15.07535524967207,2.930056582889352,293.0056582889352,8.098392817709156e-15,7.402303865906239e-11,2.070799259725055e-13,5.128856209121483e-06,1.985728217902037e-11,1812936920342.2378
16.527931663304642,2.6725451670862848,267.25451670862844,8.878708385767933e-15,7.398204267425601e-11,2.3625239603672283e-13,5.128856209121483e-06,2.1770618167087315e-11,1653604859710.625
18.121377745551058,2.4375433539837603,243.754335398376,9.734698317292227e-15,7.395059388459247e-11,2.6948640847278374e-13,5.128856209121483e-06,2.3869507909198692e-11,1508200342334.101
19.869274587205187,2.22311306307788,222.31130630778796,1.0673658294958838e-14,7.392889625275996e-11,3.067971968341288e-13,5.128856209121483e-06,2.617184043998927e-11,1375524204442.0305
21.786519690323058,2.027475912470635,202.7475912470635,1.1703591169888307e-14,7.391709278503224e-11,3.492089699002081e-13,5.128856209121483e-06,2.869723877312538e-11,1254476093836.3718
23.889453939158102,1.8490018231975491,184.9001823197549,1.2833275169689957e-14,7.391528383473507e-11,3.970432009450501e-13,5.128856209121483e-06,3.146722714762502e-11,1144047418957.825
26.196000873753686,1.6861979850120437,168.61979850120434,1.4072338715422602e-14,7.392353989148909e-11,4.5123064210806567e-13,5.128856209121483e-06,3.45054144792579e-11,1043314521598.9373
28.725819453106993,1.5376983052060358,153.76983052060356,1.5431342485074245e-14,7.394191051813582e-11,5.123468746691773e-13,5.128856209121483e-06,3.7837695580430616e-11,951432148490.0084
31.50047160982325,1.4022534149908572,140.22534149908572,1.6921869422943978e-14,7.397043059802723e-11,5.812151539315542e-13,5.128856209121483e-06,4.149247186344661e-11,867627267868.6737
34.543606024274524,1.2787212735594786,127.87212735594785,1.8556623462047095e-14,7.400912470492961e-11,6.587577448033218e-13,5.128856209121483e-06,4.5500893408123744e-11,791193255857.5334
37.88115968453304,1.166058385132612,116.6058385132612,2.0349537800934356e-14,7.405801016241777e-11,7.460500225806786e-13,5.128856209121483e-06,4.9897124456862506e-11,721484462118.1132
41.54157894995686,1.063311626693551,106.33116266935508,2.231589365775951e-14,7.411709918814682e-11,8.445933840427117e-13,5.128856209121483e-06,5.4718634599956786e-11,657911153361.0605
45.556062002545005,0.9696106719283492,96.96106719283492,2.447245051373159e-14,7.418640039870243e-11,9.552722735860698e-13,5.128856209121483e-06,6.000651813290849e-11,599934825751.1554
49.95882475247931,0.8841609887251219,88.4160988725122,2.6837588956019443e-14,7.426591986728174e-11,1.0802430084357337e-12,5.128856209121483e-06,6.580584430763508e-11,547063872195.0586
54.78739246417814,0.806237382397385,80.6237382397385,2.943146733756503e-14,7.435566186830648e-11,1.2193293050992213e-12,5.128856209121483e-06,7.216604146277649e-11,498849587289.1813
60.08291958841175,0.7351780537844674,73.51780537844674,3.2276193589028346e-14,7.445562940256352e-11,1.376104636984938e-12,5.128856209121483e-06,7.914131830707177e-11,454882490841.4897
65.89054052643395,0.6703791399461418,67.03791399461417,3.539601364723092e-14,7.456582456824843e-11,1.5519736249150768e-12,5.128856209121483e-06,8.679112594643754e-11,414788949992.6192
72.25975431572795,0.611289704856952,61.1289704856952,3.8817518106092317e-14,7.468624882362663e-11,1.7498257641926246e-12,5.128856209121483e-06,9.518066459265083e-11,378228079768.83636
79.24484651607943,0.5574071479807133,55.74071479807132,4.2569868851365347e-14,7.481690317331823e-11,1.97192721041435e-12,5.128856209121483e-06,1.0438143927236332e-10,344888902193.2808
86.90535189176073,0.5082729996158614,50.827299961586135,4.668504761080383e-14,7.495778830065033e-11,2.2206123212008086e-12,5.128856209121483e-06,1.1447186927281821e-10,314487744706.97266
95.30656183331287,0.4634690732622538,46.34690732622537,5.119812853818114e-14,7.510890466184077e-11,2.4991030013988822e-12,5.128856209121483e-06,1.2553795651863756e-10,286765859492.5064
104.52008084374253,0.42261394683318115,42.26139468331811,5.614757715442609e-14,7.527025255310898e-11,2.810803806072914e-12,5.128856209121483e-06,1.3767401857633603e-10,261487246266.72464
114.62443683212656,0.38535974622399993,38.53597462239999,6.157557819378375e-14,7.544183215853883e-11,3.1605953456414337e-12,5.128856209121483e-06,1.50983492534038e-10,238436662152.87805
125.70575041622781,0.3513892064797294,35.13892064797293,6.752839514927276e-14,7.562364358422597e-11,3.552271628739396e-12,5.128856209121483e-06,1.655798166079597e-10,217417803313.7731
137.85846893866804,0.32041298752816383,32.04129875281638,7.405676458188775e-14,7.58156868826296e-11,3.9921428811551204e-12,5.128856209121483e-06,1.8158739698969246e-10,198251644094.2401
151.18617145275937,0.2921672231279391,29.21672231279391,8.121632855428761e-14,7.60179620699153e-11,4.484536811086194e-12,5.128856209121483e-06,1.9914266817483466e-10,180774920462.5212
165.80245153898693,0.26641128329945496,26.64112832994549,8.906810887465557e-14,7.623046913827267e-11,5.03651120747524e-12,5.128856209121483e-06,2.1839525581028237e-10,164838745541.5827
181.8318854764888,0.24292573204609197,24.292573204609198,9.7679027192765e-14,7.645320806462657e-11,5.652012320038709e-12,5.128856209121483e-06,2.395092519712593e-10,150307345973.92477
199.41109402137317,0.22151046362527263,22.15104636252726,1.0712247538109208e-13,7.668617881675722e-11,6.341758080222283e-12,5.128856209121483e-06,2.626646137374246e-10,137056908761.93843
218.6899068415331,0.20198300198968405,20.198300198968404,1.1747894106239925e-13,7.69293813575588e-11,7.1140317984368326e-12,5.128856209121483e-06,2.880586969882825e-10,124974529067.81836
239.83263953257986,0.18417694928757491,18.41769492875749,1.2883669361523827e-13,7.718281564796187e-11,7.97989205600707e-12,5.128856209121483e-06,3.159079384906244e-10,113957250241.96698
263.0194940990395,0.16794057048891003,16.794057048891002,1.4129253650427187e-13,7.744648164889843e-11,8.95075355977816e-12,5.128856209121483e-06,3.4644970061461224e-10,103911188077.61967
288.44809483729495,0.15313550229414105,15.313550229414105,1.5495263234762262e-13,7.772037932258378e-11,1.0038463276796949e-11,5.128856209121483e-06,3.7994429440126065e-10,94750731963.82903
316.3351727107704,0.13963557548842012,13.963557548842012,1.6993340775338712e-13,7.80045086333128e-11,1.1257865674360234e-11,5.128856209121483e-06,4.1667719822413834e-10,86397816231.43903
346.9184125734991,0.127325740830602,12.732574083060198,1.863625456373508e-13,7.829886954791506e-11,1.2618849011539981e-11,5.128856209121483e-06,4.569614909552221e-10,78781255559.9519
380.4584789861646,0.11610108941823191,11.61010894182319,2.0438007347953727e-13,7.860346203597168e-11,1.4143615355177038e-11,5.128856209121483e-06,5.011405203730442e-10,71836138840.2637
417.24123789089987,0.10586595925172475,10.586595925172475,2.241395567949381e-13,7.891828606986969e-11,1.5851636950650612e-11,5.128856209121483e-06,5.495908295563114e-10,65503276372.10223
457.58019308043004,0.09653312043804535,9.653312043804535,2.4580940799051034e-13,7.924334162474762e-11,1.7766271134234563e-11,5.128856209121483e-06,6.027253662049773e-10,59728695718.701454
501.81915822787346,0.08802303213110706,8.802303213110704,2.6957432176398407e-13,7.957862867837151e-11,1.9913256196896278e-11,5.128856209121483e-06,6.609970022421938e-10,54463181947.69869
550.3351872512345,0.08026316490741182,8.026316490741182,2.9563684927855814e-13,7.992414721096844e-11,2.2320086076641836e-11,5.128856209121483e-06,7.249023936951335e-10,49661858359.29276
603.5417879884172,0.07318738282550356,7.318738282550355,3.2421912453035307e-13,8.027989720503766e-11,2.5018387297864324e-11,5.128856209121483e-06,7.94986213752886e-10,45283804143.0367
661.8924465733018,0.06673537992067928,6.673537992067927,3.5556475762266157e-13,8.064587864515268e-11,2.8042017709100165e-11,5.128856209121483e-06,8.718457950802933e-10,41291705715.78493
725.8844925515577,0.06085216634595593,6.085216634595593,3.8994091108359545e-13,8.102209151776363e-11,3.143044079209384e-11,5.128856209121483e-06,9.561362209547164e-10,37651538777.65812
796.0633376790165,0.05548759979009083,5.548759979009083,4.2764057692382153e-13,8.140853581100579e-11,3.5223207958305095e-11,5.128856209121483e-06,1.0485759086180654e-09,34332278382.63513
873.0271245303989,0.05059595818681707,5.059595818681706,4.68985073842028e-13,8.180521151451872e-11,3.947204195513452e-11,5.128856209121483e-06,1.1499527324316948e-09,31305634557.582424
957.4318245390368,0.046135550079468055,4.613555007946805,5.143267858620959e-13,8.221211861927746e-11,4.4239200393060256e-11,5.128856209121483e-06,1.2611307390225208e-09,28545811220.09835
1049.9968289187677,0.04206835932464945,4.206835932464945,5.640521657436968e-13,8.262925711743785e-11,4.9582726528550086e-11,5.128856209121483e-06,1.383057511654334e-09,26029286343.225792
1151.5110801201,0.03835972111018697,3.835972111018697,6.185850287647439e-13,8.305662700219547e-11,5.557400549698005e-11,5.128856209121483e-06,1.5167722465917187e-09,23734611495.492638
1262.8397960797865,0.034978026528636914,3.4978026528636907,6.78390164949002e-13,8.349422826765861e-11,6.229182260724628e-11,5.128856209121483e-06,1.663414610292408e-09,21642229049.359886
1384.9318445753406,0.031894453190396146,3.189445319039615,7.43977300526275e-13,8.394206090873405e-11,6.982855655523664e-11,5.128856209121483e-06,1.8242344529189088e-09,19734305501.355576
1518.8278305370343,0.029082719581902037,2.9082719581902037,8.159054423891909e-13,8.440012492102557e-11,7.826909098866694e-11,5.128856209121483e-06,2.000602460958875e-09,17994579484.194706
1665.668965246456,0.026518861076433316,2.6518861076433313,8.94787642574882e-13,8.48684203007439e-11,8.771965342333517e-11,5.128856209121483e-06,2.1940218397477064e-09,16408223176.18301
1826.7067930148698,0.024181025689292236,2.4181025689292235,9.81296223379807e-13,8.534694704462708e-11,9.830382509311097e-11,5.128856209121483e-06,2.4061411254649327e-09,14961715927.216782
2003.3138582429979,0.022049287837222792,2.2049287837222793,1.0761685076419824e-12,8.583570514987033e-11,1.101603920641649e-10,5.128856209121483e-06,2.6387682358025075e-09,13642729024.685112
2196.9954037788657,0.020105478515212775,2.0105478515212774,1.1802131030305121e-12,8.633469461406493e-11,1.2344172993440809e-10,5.128856209121483e-06,2.8938858790605773e-09,12440020617.42892
2409.402200280097,0.018333030443635427,1.8333030443635425,1.2943167939041053e-12,8.684391543514403e-11,1.3832297141875368e-10,5.128856209121483e-06,3.17366845300413e-09,11343339902.415808
2642.3446159269783,0.01671683686618638,1.6716836866186378,1.4194520994787823e-12,8.736336761133628e-11,1.5498427898309415e-10,5.128856209121483e-06,3.4805005775116697e-09,10343339757.678661
2897.8080464039854,0.015243122795352749,1.5243122795352746,1.5566855627238581e-12,8.789305114112458e-11,1.7364869796770307e-10,5.128856209121483e-06,3.816997418971696e-09,9431497077.013596
3177.9698366613775,0.013899327608188317,1.3899327608188314,1.7071868406334691e-12,8.8432966023211e-11,1.9453973581791835e-10,5.128856209121483e-06,4.186026979654294e-09,8600040127.541914
3485.217838683021,0.012673997991869738,1.2673997991869739,1.8722386733510883e-12,8.898311225648583e-11,2.1792256868989548e-10,5.128856209121483e-06,4.590734542032745e-09,7841882311.073348
3822.1707634305208,0.011556690326690619,1.1556690326690617,2.0532478171150877e-12,8.954348984000103e-11,2.440674311559626e-10,5.128856209121483e-06,5.034569476397087e-09,7150561764.769379
4191.7005004256125,0.010537881674564332,1.0537881674564331,2.251757034208071e-12,9.011409877294736e-11,2.732763319521097e-10,5.128856209121483e-06,5.521314640243911e-09,6520186286.360535
4596.95659520331,0.00960888861443418,0.9608888614434179,2.469458242101793e-12,9.06949390546344e-11,3.059010093370772e-10,5.128856209121483e-06,6.055118620017032e-09,5945383114.54231
5041.393093259952,0.008761793232857026,0.8761793232857026,2.7082069338693057e-12,9.128601068447356e-11,3.42357910945316e-10,5.128856209121483e-06,6.640531089999016e-09,5421253136.547748
5528.79797929047,0.007989375639000271,0.798937563900027,2.970037992771335e-12,9.188731366196342e-11,3.831262935295701e-10,5.128856209121483e-06,7.282541589721853e-09,4943329132.621537
6063.325462628629,0.007285052428893946,0.7285052428893946,3.2571830358062615e-12,9.249884798667685e-11,4.286234041317405e-10,5.128856209121483e-06,7.986622050400769e-09,4507537701.523452
6649.531384063263,0.006642820574478689,0.6642820574478688,3.5720894340450755e-12,9.312061365825053e-11,4.794930641284974e-10,5.128856209121483e-06,8.75877343284951e-09,4110164542.558334
7292.412045806648,0.0060572062592235435,0.6057206259223543,3.917441171863658e-12,9.375261067637527e-11,5.361340892211231e-10,5.128856209121483e-06,9.60557687437713e-09,3747822798.2360935
7997.446795567565,0.005523218224243581,0.552321822424358,4.296181722858194e-12,9.439483904078832e-11,5.9942442508749e-10,5.128856209121483e-06,1.0534249780597503e-08,3417424187.7486672
8770.644727678164,0.005036305227288654,0.5036305227288653,4.711539137417844e-12,9.504729875126636e-11,6.699942146834996e-10,5.128856209121483e-06,1.1552707340228755e-08,3116152685.236045
9618.59589931367,0.0045923172520272995,0.45923172520272987,5.1670535557789264e-12,9.570998980761972e-11,7.48718810831958e-10,5.128856209121483e-06,1.2669629987180204e-08,2841440518.5018573
10548.527498327087,0.004187470137012249,0.4187470137012249,5.666607381057761e-12,9.63829122096873e-11,8.363984360675379e-10,5.128856209121483e-06,1.3894537384914578e-08,2590946283.6154237
11568.365441423659,0.0038183133228596577,0.3818313322859657,6.214458369430337e-12,9.706606595733259e-11,9.338929028375151e-10,5.128856209121483e-06,1.5237869563662464e-08,2362534988.8706684
12686.801927683864,0.0034817004427499004,0.34817004427499,6.815275919490429e-12,9.775945105043955e-11,1.0423206734490762e-09,5.128856209121483e-06,1.6711075902031446e-08,2154259858.015709
13913.369523201343,0.0031747625055913624,0.31747625055913625,7.47418087008452e-12,9.846306748890997e-11,1.1630665595563392e-09,5.128856209121483e-06,1.832671271141031e-08,1964345737.6611905
15258.522408268253,0.002894883443285542,0.2894883443285542,8.19678914582539e-12,9.917691527266054e-11,1.2976780566764347e-09,5.128856209121483e-06,2.0098550254892277e-08,1791173967.4475813
16733.72547958681,0.002639677813681206,0.2639677813681206,8.989259622279905e-12,9.990099440162062e-11,1.4467902136983303e-09,5.128856209121483e-06,2.2041690112851338e-08,1633268584.0188959
18351.552066936318,0.0024069704691779452,0.2406970469177945,9.858346618791988e-12,1.0063530487573042e-10,1.612842363625265e-09,5.128856209121483e-06,2.4172693895493177e-08,1489283741.2180998
20125.791097145906,0.002194778017692994,0.21947780176929937,1.0811457466343068e-11,1.0137984669493938e-10,1.7972665869296626e-09,5.128856209121483e-06,2.650972439941246e-08,1357992239.2855158
22071.56461874422,0.0020012919179814076,0.20012919179814076,1.185671564110769e-11,1.0213461985920456e-10,2.0024057294962562e-09,5.128856209121483e-06,2.907270041125035e-08,1238275065.293521
24205.456688962866,0.0018248630652293563,0.18248630652293563,1.3003030001799195e-11,1.028996243684898e-10,2.2295652653039476e-09,5.128856209121483e-06,3.188346647786276e-08,1129111855.669628
26545.654721612,0.0016639877355420845,0.16639877355420843,1.4260170720923218e-11,1.0367486022276436e-10,2.482085893385651e-09,5.128856209121483e-06,3.4965979089969405e-08,1029572199.5191383
29112.10450055398,0.0015172947695298582,0.1517294769529858,1.5638852557110605e-11,1.0446032742200229e-10,2.7625313345667383e-09,5.128856209121483e-06,3.834651086615053e-08,938807708.6246233
31926.68017997129,0.00138353388575639,0.138353388575639,1.7150826178268733e-11,1.0525602596618172e-10,3.0728888353793186e-09,5.128856209121483e-06,4.2053874477473267e-08,856044786.5340897
35013.3707203632,0.0012615650244438676,0.12615650244438675,1.880897831391041e-11,1.0606195585528408e-10,3.4166540735993754e-09,5.128856209121483e-06,4.611966822128627e-08,780578035.1079023
38398.48434928516,0.001150348630609935,0.11503486306099349,2.0627441590269174e-11,1.0687811708929368e-10,3.7974464601835835e-09,5.128856209121483e-06,5.0578545337234365e-08,711764242.3278216
42110.872789475994,0.0010489367938186316,0.10489367938186314,2.2621714984340062e-11,1.0770450966819735e-10,4.220141689108438e-09,5.128856209121483e-06,5.546850936090845e-08,649016900.1255164
46182.17716549315,0.0009564651690284927,0.09564651690284927,2.4808795923488242e-11,1.0854113359198386e-10,4.686209139843144e-09,5.128856209121483e-06,6.083123803246078e-08,591801205.505462
50647.09768475005,0.0008721456096781904,0.08721456096781903,2.7207325156527642e-11,1.0938798886064381e-10,5.203115149882791e-09,5.128856209121483e-06,6.671243852090108e-08,539629502.3561634
55543.68939147658,0.0007952594502207398,0.07952594502207397,2.983774563102166e-11,1.1024507547416922e-10,5.774009155626454e-09,5.128856209121483e-06,7.316223699168901e-08,492057125.09979
60913.68651434949,0.0007251513808525059,0.07251513808525059,3.2722476730936454e-11,1.1111239343255337e-10,6.406646550392559e-09,5.128856209121483e-06,8.023560583795446e-08,448678608.75514996
66802.85817224656,0.0006612238622306199,0.06612238622306199,3.5886105359695126e-11,1.1198994273579058e-10,7.105841547591293e-09,5.128856209121483e-06,8.799283221668908e-08,409124233.11193407
73261.39846984464,0.0006029320325748195,0.06029320325748195,3.935559549725531e-11,1.1287772338387608e-10,7.878487796894404e-09,5.128856209121483e-06,9.65000318832952e-08,373056871.5618408
80344.35430789496,0.0005497790637463213,0.054977906374632124,4.3160518017291155e-11,1.1377573537680584e-10,8.731075820565313e-09,5.128856209121483e-06,1.058297127039687e-07,340169117.72878665
88112.09455445064,0.0005013119267230726,0.050131192672307257,4.733330272323733e-11,1.1468397871457645e-10,9.672891295847658e-09,5.128856209121483e-06,1.160613926487942e-07,310180665.40815383
96630.82457584995,0.00045711753038001713,0.04571175303800171,5.190951475132896e-11,1.1560245339718505e-10,1.071414833854095e-08,5.128856209121483e-06,1.272822775327838e-07,282835919.4839797
105973.15051286218,0.000416819200664757,0.0416819200664757,5.692815769645249e-11,1.1653115942462915e-10,1.1862910718622823e-08,5.128856209121483e-06,1.3958800428132382e-07,257901817.4616644
116218.69811139065,0.00038007347016020236,0.03800734701602023,6.243200604438612e-11,1.1747009679690682e-10,1.3133431925373355e-08,5.128856209121483e-06,1.5308345605497205e-07,235165843.04885593
127454.79138209518,0.0003465671506712962,0.03465671506712962,6.846796974378638e-11,1.1841926551401626e-10,1.4527273064027266e-08,5.128856209121483e-06,1.6788365618100392e-07,214434214.8540449
139777.1968732362,0.00031601466388510015,0.03160146638851001,7.508749402521431e-11,1.193786655759561e-10,1.606704450866741e-08,5.128856209121483e-06,1.8411474851079958e-07,195530234.76491538
153290.93990026152,0.00028815560735316386,0.028815560735316388,8.234699787490367e-11,1.2034829698272503e-10,1.7759939325772768e-08,5.128856209121483e-06,2.019150725587684e-07,178292781.92950165
168111.19968895696,0.0002627525350507554,0.026275253505075535,9.030835490043483e-11,1.213281597343221e-10,1.962895762338646e-08,5.128856209121483e-06,2.2143634258634646e-07,162574939.5041703
184364.2910615742,0.000239588933596391,0.023958893359639098,9.903942068679084e-11,1.223182538307464e-10,2.1688872246614032e-08,5.128856209121483e-06,2.428449406805428e-07,148242742.46403682
202188.741032958,0.00021846737688275606,0.021846737688275605,1.086146111375108e-10,1.2331857927199723e-10,2.3958616219205942e-08,5.128856209121483e-06,2.6632333484808977e-07,135174035.80326268
221736.46949263732,0.00019920784339070533,0.01992078433907053,1.1911553673021543e-10,1.2432913605807402e-10,2.6458068286070104e-08,5.128856209121483e-06,2.920716342117922e-07,123257433.39353193
243174.08403595618,0.00018164618184463233,0.018164618184463233,1.3063169809233042e-10,1.2534992418897613e-10,2.9208648674198052e-08,5.128856209121483e-06,3.2030929456417516e-07,112391368.62694837
266684.2999802683,0.0001656327121317806,0.01656327121317806,1.4326124882549474e-10,1.263809436647032e-10,3.223933363731989e-08,5.128856209121483e-06,3.512769888150993e-07,102483228.75185318
292467.4976691319,0.0001510309495609954,0.015103094956099537,1.5711183208028146e-10,1.274221944852549e-10,3.5568856232482684e-08,5.128856209121483e-06,3.85238658275351e-07,93448565.52342379
320743.43033761694,0.000137716441587601,0.0137716441587601,1.723014980114686e-10,1.2847367665063085e-10,3.923838894373898e-08,5.128856209121483e-06,4.2248376225957065e-07,85210375.44132143
351753.09709504683,0.0001255757070896852,0.01255757070896852,1.889597099334322e-10,1.2953539016083083e-10,4.3262470704512565e-08,5.128856209121483e-06,4.633297451821334e-07,77698443.43977639
385760.79698883195,0.00011450526915511325,0.011450526915511324,2.072284477512444e-10,1.3060733501585462e-10,4.76957868155935e-08,5.128856209121483e-06,5.081247421733335e-07,70848744.43630132
423056.3816564277,0.00010441077313560028,0.010441077313560027,2.2726341807215217e-10,1.3168951121570205e-10,5.2565304442368336e-08,5.128856209121483e-06,5.572505462761658e-07,64602897.63836121
463957.72576502705,9.520618245091597e-05,0.009520618245091596,2.4923538131135595e-10,1.3278191876037295e-10,5.7925088872441447e-08,5.128856209121483e-06,6.111258625134622e-07,58907668.95699324
508813.4362948437,8.681304528896309e-05,0.008681304528896308,2.7333160710317e-10,1.338845576498672e-10,6.381631939010711e-08,5.128856209121483e-06,6.702098765601893e-07,53714517.28638762
558005.8237575206,7.915982595173025e-05,0.007915982595173024,2.9975747042220354e-10,1.3499742788418467e-10,7.028659086708586e-08,5.128856209121483e-06,7.350061684371141e-07,48979180.78231761
611954.1606737229,7.218129514809901e-05,0.0072181295148099015,3.2873820201849744e-10,1.3612052946332527e-10,7.739138220155497e-08,5.128856209121483e-06,8.060670045827294e-07,44661299.613219924
671118.2550822727,6.581797403690378e-05,0.006581797403690378,3.605208080857666e-10,1.3725386238728897e-10,8.519267060663921e-08,5.128856209121483e-06,8.839980448852345e-07,40724071.968590975
736002.3695383136,6.0015627281751275e-05,0.006001562728175127,3.9537617552433175e-10,1.383974266560757e-10,9.376913035269895e-08,5.128856209121483e-06,9.69463504793218e-07,37133940.3928141
807159.5190025289,5.472480079685316e-05,0.005472480079685315,4.3360138074211204e-10,1.3955122226968535e-10,1.031714722632134e-07,5.128856209121483e-06,1.0631918165022499e-06,33860305.77100837
885196.1842529003,4.990040024401797e-05,0.004990040024401796,4.755222216719024e-10,1.4071524922811785e-10,1.1350827018271353e-07,5.128856209121483e-06,1.1659818374684283e-06,30875266.5291622
970777.4809919002,4.550130668828911e-05,0.00455013066882891,5.214959945855742e-10,1.4188950753137327e-10,1.2482980701056886e-07,5.128856209121483e-06,1.2787096591646873e-06,28153380.82572777
1064632.8287060778,4.149002613641181e-05,0.004149002613641181,5.719145393723462e-10,1.4307399717945149e-10,1.372731450210585e-07,5.128856209121483e-06,1.4023360741117604e-06,25671449.707804453
1167562.1675943856,3.783236997110594e-05,0.0037832369971105943,6.272075792363822e-10,1.4426871817235255e-10,1.5092369518657792e-07,5.128856209121483e-06,1.5379147648261704e-06,23408319.383726742
1280442.7765528385,3.4497163557448853e-05,0.0034497163557448847,6.878463832783405e-10,1.454736705100764e-10,1.6591350626723285e-07,5.128856209121483e-06,1.6866012844805854e-06,21344700.926803067
1404236.7503260318,3.145598053778435e-05,0.0031455980537784347,7.543477831775112e-10,1.46688854192623e-10,1.8235814693373272e-07,5.128856209121483e-06,1.8496629058198255e-06,19463005.8735182
1539999.1995541186,2.8682900550523903e-05,0.00286829005505239,8.272785782091744e-10,1.4791426921999234e-10,2.0039688251516873e-07,5.128856209121483e-06,2.0284894222759257e-06,17747196.31498433
1688887.2436052621,2.6154288307847086e-05,0.0026154288307847083,9.07260366141686e-10,1.4914991559218442e-10,2.2018682208363275e-07,5.128856209121483e-06,2.224604993341509e-06,16182648.20395172
1852169.8728404802,2.3848592149356014e-05,0.002384859214935601,9.949748411875673e-10,1.5039579330919925e-10,2.418811775531195e-07,5.128856209121483e-06,2.4396811351608943e-06,14756026.712329289
2031238.7643681788,2.1746160354731553e-05,0.002174616035473155,1.0911696041636903e-09,1.516519023710367e-10,2.656911804878331e-07,5.128856209121483e-06,2.6755509670593672e-06,13455172.576871794
2227620.1434722985,1.982907364980312e-05,0.001982907364980312,1.1966645343812196e-09,1.5291824277769694e-10,2.9178044966567464e-07,5.128856209121483e-06,2.9342248354354044e-06,12268998.464345021
2442987.791810426,1.8080992478461346e-05,0.0018080992478461343,1.312358777573687e-09,1.5419481452917987e-10,3.204157460215065e-07,5.128856209121483e-06,3.2179074481801525e-06,11187394.472876886
2679177.3132522963,1.648701773869402e-05,0.0016487017738694022,1.4392384094221383e-09,1.554816176254855e-10,3.5174444386324047e-07,5.128856209121483e-06,3.52901666566284e-06,10201141.964071251
2938201.77894806,1.503356379578247e-05,0.0015033563795782468,1.5783848399944562e-09,1.567786520666138e-10,3.8610704697530226e-07,5.128856209121483e-06,3.8702041084398616e-06,9301834.991465645
3222268.8849711884,1.3708242690334068e-05,0.0013708242690334068,1.730984030730951e-09,1.580859178525648e-10,4.2372071799488503e-07,5.128856209121483e-06,4.244377757329606e-06,8481808.655657873
3533799.7687724507,1.2499758554243516e-05,0.0012499758554243515,1.89833660253357e-09,1.5940341498333846e-10,4.6497001509693605e-07,5.128856209121483e-06,4.654726738475893e-06,7734073.775464541
3875449.64482004,1.1397811334676327e-05,0.0011397811334676326,2.081868921111283e-09,1.6073114345893484e-10,5.101888624452565e-07,5.128856209121483e-06,5.104748504646337e-06,7052257.318305266
4250130.435305626,1.0393009005503812e-05,0.001039300900550381,2.283145254063242e-09,1.6206910327935385e-10,5.597308099238455e-07,5.128856209121483e-06,5.598278644434754e-06,6430548.082094409
4661035.588800693,9.47678751795645e-06,0.0009476787517956449,2.5038811033160494e-09,1.6341729444459553e-10,6.140238211552199e-07,5.128856209121483e-06,6.139523573435199e-06,5863647.165680188
5111667.298395363,8.641337808226176e-06,0.0008641337808226176,2.7459578265490128e-09,1.6477571695465993e-10,6.734652829171099e-07,5.128856209121483e-06,6.7330963860181945e-06,5346722.805685187
5605866.351303228,7.879539239894359e-06,0.0007879539239894358,3.0114386722275777e-09,1.66144370809547e-10,7.386180295713209e-07,5.128856209121483e-06,7.3840561732782405e-06,4875369.194817131
6147844.864343721,7.184898913907857e-06,0.0007184898913907856,3.302586364913313e-09,1.6752325600925672e-10,8.099465115871753e-07,5.128856209121483e-06,8.0979511422638e-06,4445568.93065375
6742222.184310695,6.551496328834375e-06,0.0006551496328834374,3.6218823907323047e-09,1.6891237255378908e-10,8.881340174594914e-07,5.128856209121483e-06,8.880865904000564e-06,4053658.7748479657
7394064.259209952,5.97393291973052e-06,0.0005973932919730521,3.972048147374067e-09,1.7031172044314411e-10,9.736871320710125e-07,5.128856209121483e-06,9.739473333348822e-06,3696298.430915438
8108926.815931615,5.44728604553603e-06,0.000544728604553603,4.3560681388850364e-09,1.7172129967732184e-10,1.0674298018020228e-06,5.128856209121483e-06,1.0681091442702948e-05,3370442.074493641
8892902.712365756,4.967067032823339e-06,0.0004967067032823339,4.777215412948607e-09,1.7314111025632222e-10,1.1700427143695424e-06,5.128856209121483e-06,1.1713745754274267e-05,3073312.393421536
9752673.867548816,4.529182918304543e-06,0.0004529182918304543,5.239079457456576e-09,1.7457115218014527e-10,1.2825751643249658e-06,5.128856209121483e-06,1.2846237702563425e-05,2802376.9163804525
10695568.212447794,4.129901564022474e-06,0.00041299015640224734,5.7455967941378855e-09,1.7601142544879104e-10,1.4060077811905603e-06,5.128856209121483e-06,1.4088219650024919e-05,2555326.428342301
11729622.146780014,3.7658198478987736e-06,0.0003765819847898773,6.3010845299975164e-09,1.7746193006225942e-10,1.541102778317718e-06,5.128856209121483e-06,1.545027715529053e-05,2330055.288857571
12863649.034196105,3.433834658522899e-06,0.0003433834658522899,6.91027715252887e-09,1.7892266602055052e-10,1.68902833456257e-06,5.128856209121483e-06,1.6944019195134484e-05,2124643.4854333433
14107314.319617629,3.131116446967664e-06,0.0003131116446967664,7.578366882308934e-09,1.803936333236642e-10,1.8510435547623904e-06,5.128856209121483e-06,1.858217710915142e-05,1937340.2690404116
15471217.908964556,2.855085110209884e-06,0.0002855085110209884,8.311047926906883e-09,1.8187483197160063e-10,2.0285669046907792e-06,5.128856209121483e-06,2.0378713110465877e-05,1766549.2322727444
16966984.51340329,2.6033880006080773e-06,0.0002603388000608077,9.114565013286611e-09,1.8336626196435964e-10,2.2226043970070053e-06,5.128856209121483e-06,2.234893928732106e-05,1610814.7029789207
18607362.728131503,2.3738798740090335e-06,0.00023738798740090332,9.99576661235145e-09,1.8486792330194142e-10,2.4350899315017203e-06,5.128856209121483e-06,2.4509648109813605e-05,1468809.3373966347
20406333.690158423,2.16460460557892e-06,0.000216460460557892,1.096216330926929e-08,1.8637981598434577e-10,2.667250231673609e-06,5.128856209121483e-06,2.68792555540965e-05,1339322.8070452814
22379230.24118471,1.9737785175205762e-06,0.00019737785175205757,1.2021991817075897e-08,1.8790194001157283e-10,2.921462390937779e-06,5.128856209121483e-06,2.9477958063916117e-05,1221251.482953546
24542867.611220963,1.7997751765772467e-06,0.00017997751765772466,1.3184285179151719e-08,1.894342953836225e-10,3.199696009646239e-06,5.128856209121483e-06,3.232790468728461e-05,1113589.029299499
26915686.736776378,1.64111153175011e-06,0.000164111153175011,1.445894975891603e-08,1.9097688210049491e-10,3.5042755451020685e-06,5.128856209121483e-06,3.5453385855428576e-05,1015417.8262916947
29517911.43513568,1.4964352740796874e-06,0.00014964352740796873,1.5856849672930774e-08,1.9252970016219002e-10,3.837663848515339e-06,5.128856209121483e-06,3.8881040412999345e-05,925901.1491874558
32371720.774339218,1.3645133107570753e-06,0.0001364513310757075,1.738989938704746e-08,1.9409274956870771e-10,4.203242446553557e-06,5.128856209121483e-06,4.264008266408799e-05,844276.0367891982
35501438.10799633,1.2442212553284707e-06,0.00012442212553284707,1.9071165264805127e-08,1.9566603032004805e-10,4.603927566814776e-06,5.128856209121483e-06,4.676255136918549e-05,769846.7886361404
38933738.386096776,1.1345338444168229e-06,0.00011345338444168228,2.091497693358782e-08,1.972495424162111e-10,5.042017256906681e-06,5.128856209121483e-06,5.128358281531698e-05,701979.0354672296
42697875.50875576,1.034516199281138e-06,0.0001034516199281138,2.2937049417728914e-08,1.9884328585719686e-10,5.52160390415519e-06,5.128856209121483e-06,5.624171028676022e-05,640094.3324171047
46825931.660655215,9.433158577346953e-07,9.433158577346953e-05,2.5154617079517176e-08,2.0044726064300514e-10,6.045794262892603e-06,5.128856209121483e-06,6.167919248877278e-05,583665.2288622769
51353090.75128874,8.60155508509265e-07,8.601555085092649e-05,2.7586580509699746e-08,2.0206146677363626e-10,6.619540662196542e-06,5.128856209121483e-06,6.76423737235223e-05,532210.7728972435
56317938.29157093,7.843263661395137e-07,7.843263661395136e-05,3.025366761944575e-08,2.0368590424908992e-10,7.246632447019424e-06,5.128856209121483e-06,7.418207888803861e-05,485292.4121246859
61762790.262698896,7.151821299008617e-07,7.151821299008617e-05,3.317861030677855e-08,2.0532057306936632e-10,7.933401818335642e-06,5.128856209121483e-06,8.135404666080705e-05,442510.2558216478
67734053.78025088,6.521334753121814e-07,6.521334753121813e-05,3.638633820322355e-08,2.0696547323446533e-10,8.68583808447561e-06,5.128856209121483e-06,8.921940456909905e-05,403499.66662373947
74282622.62750725,5.946430312537215e-07,5.946430312537215e-05,3.99041911519989e-08,2.0862060474438703e-10,9.50915218420224e-06,5.128856209121483e-06,9.784518998609879e-05,367928.1526778644
81464311.02916658,5.422207998896901e-07,5.4222079988969e-05,4.376215222872299e-08,2.1028596759913143e-10,1.0409996212709364e-05,5.128856209121483e-06,0.00010730492149833954,335492.5337749496
89340329.36256726,4.944199803588892e-07,4.9441998035888915e-05,4.799310329070511e-08,2.1196156179869848e-10,1.1393290917201108e-05,5.128856209121483e-06,0.00011767922551328987,305916.35730925517
97977805.86095291,4.5083316063828003e-07,4.5083316063828e-05,5.263310523289348e-08,2.136473873430881e-10,1.2467996733413844e-05,5.128856209121483e-06,0.00012905652344773365,278947.5420402097
107450358.75532341,4.1108884512224867e-07,4.1108884512224864e-05,5.7721705339136985e-08,2.1534344423230047e-10,1.3638536022751046e-05,5.128856209121483e-06,0.00014153378535393667,254356.2295742603
117838723.7312994,3.748482883217503e-07,3.748482883217503e-05,6.330227434834927e-08,2.1704973246633552e-10,1.4917867749118217e-05,5.128856209121483e-06,0.0001552173564068374,231932.82525467736
129231442.04889396,3.418026076965474e-07,3.418026076965474e-05,6.942237610843205e-08,2.1876625204519313e-10,1.6314225408377104e-05,5.128856209121483e-06,0.00017022386329651685,211486.2117615717
141725615.1901176,3.1167015101287946e-07,3.1167015101287945e-05,7.613417296856251e-08,2.2049300296887352e-10,1.7839376907208382e-05,5.128856209121483e-06,0.00018668120825123774,192842.12019643016
155427732.46635902,2.841940957882646e-07,2.8419409578826462e-05,8.34948703650458e-08,2.2222998523737654e-10,1.94987884790514e-05,5.128856209121483e-06,0.000204729659163217,175841.64476774543
170454578.6393497,2.591402603631799e-07,2.5914026036317985e-05,9.15672043899979e-08,2.2397719885070228e-10,2.1304369594210808e-05,5.128856209121483e-06,0.0002245230451084205,160339.88841820613
186934229.2914601,2.3629510794316113e-07,2.3629510794316112e-05,1.0041997649845683e-07,2.2573464380885058e-10,2.3262121134027205e-05,5.128856209121483e-06,0.00024623006744991735,146204.72784999062
205007142.42900014,2.1546392659950911e-07,2.154639265995091e-05,1.1012863991130208e-07,2.2750232011182157e-10,2.5389665243512207e-05,5.128856209121483e-06,0.0002700357376995032,133315.6874223105
224827355.6223677,1.964691697165638e-07,1.9646916971656377e-05,1.2077594271195242e-07,2.2928022775961533e-10,2.7702603281578735e-05,5.128856209121483e-06,0.0002961429543926292,121562.91232331953
246563798.88643447,1.7914894274095098e-07,1.79148942740951e-05,1.3245263311804348e-07,2.3106836675223165e-10,3.02186294296386e-05,5.128856209121483e-06,0.000324774232416557,110846.2322645912
270401734.49098516,1.6335562333521134e-07,1.6335562333521133e-05,1.452582329391891e-07,2.328667370896706e-10,3.29599077938689e-05,5.128856209121483e-06,0.00035617359953098545,101074.30771793677
296544335.9729014,1.4895460317520163e-07,1.4895460317520162e-05,1.593018858131065e-07,2.346753387719323e-10,3.5918701939158034e-05,5.128856209121483e-06,0.0003906086762454383,92163.85141783042
325214419.8081708,1.358231406674773e-07,1.3582314066747728e-05,1.747032874497091e-07,2.3649417179901665e-10,3.9136479096561766e-05,5.128856209121483e-06,0.0004283729567804193,84038.9184942254
356656344.5030012,1.238493148082089e-07,1.2384931480820889e-05,1.9159370581176435e-07,2.3832323617092363e-10,4.2602794771201355e-05,5.128856209121483e-06,0.0004697883105532823,76630.25918546555
391138093.2901921,1.1293107126726593e-07,1.1293107126726593e-05,2.1011709992722396e-07,2.401625318876533e-10,4.637462562255972e-05,5.128856209121483e-06,0.0005152077255092408,69874.72861439903
428953558.1818304,1.0297535256712604e-07,1.0297535256712603e-05,2.3043134686899584e-07,2.4201205894920564e-10,5.0475112613615285e-05,5.128856209121483e-06,0.0005650183166792522,63714.74859714391
470425044.84557915,9.389730494301574e-08,9.389730494301573e-06,2.527095873598612e-07,2.4387181735558066e-10,5.491941489267086e-05,5.128856209121483e-06,0.0006196446256070935,58097.816897434066
515906019.6538959,8.561955512426562e-08,8.56195551242656e-06,2.7714170147127466e-07,2.4574180710677825e-10,5.9725461329387473e-05,5.128856209121483e-06,0.0006795522387670094,52976.059743867496
565784122.319628,7.807155087279622e-08,7.80715508727962e-06,3.039359269936159e-07,2.476220282027986e-10,6.491878181433023e-05,5.128856209121483e-06,0.0007452517558121641,48305.82379610464
620484469.7949897,7.118895965807439e-08,7.118895965807438e-06,3.3332063427142953e-07,2.4951248064364163e-10,7.053754684550634e-05,5.128856209121483e-06,0.000711889596580744,44047.30408230172
680473279.5935049,6.491312034336465e-08,6.491312034336464e-06,3.655462726308163e-07,2.5141316442930726e-10,7.665518373579525e-05,5.128856209121483e-06,0.0006491312034336464,40164.204736638916
746261843.4168539,5.919054320994325e-08,5.9190543209943245e-06,4.0088750498857447e-07,2.5332407955979556e-10,8.330787031830474e-05,5.128856209121483e-06,0.0005919054320994325,36623.42964537589
818410884.954371,5.397245405791482e-08,5.397245405791482e-06,4.396455488366448e-07,2.552452260351065e-10,9.047654175745387e-05,5.128856209121483e-06,0.0005397245405791483,33394.80036476964
897535338.9971669,4.921437849795531e-08,4.92143784979553e-06,4.821507435543134e-07,2.5717660385524025e-10,9.825353813220245e-05,5.128856209121483e-06,0.000492143784979553,30450.79890663997
984309592.5998937,4.487576289084513e-08,4.4875762890845134e-06,5.287653659297085e-07,2.5911821302019644e-10,0.00010666717678044015,5.128856209121483e-06,0.0004487576289084514,27766.333199309942
1079473232.9611723,4.09196287040181e-08,4.091962870401809e-06,5.798867178876069e-07,2.610700535299755e-10,0.00011581114560515064,5.128856209121483e-06,0.0004091962870401809,25318.52322491884
1183837351.0124924,3.731225733916811e-08,3.7312257339168103e-06,6.359505127405836e-07,2.6303212538457713e-10,0.00012576779743850617,5.128856209121483e-06,0.00037312257339168107,23086.506010332207
1298291454.441916,3.402290274465747e-08,3.4022902744657467e-06,6.974345888249828e-07,2.6500442858400147e-10,0.00013655573756872377,5.128856209121483e-06,0.0003402290274465747,21051.257809560208
1423811049.0729985,3.102352936329302e-08,3.1023529363293015e-06,7.648629821734073e-07,2.6698696312824837e-10,0.00014823533009874161,5.128856209121483e-06,0.00031023529363293016,19195.431962127182
1561465953.2160227,2.8288573181964365e-08,2.828857318196436e-06,8.388103929356552e-07,2.6897972901731804e-10,0.00016094187540868427,5.128856209121483e-06,0.00028288573181964365,17503.211045437747
1712429415.8555984,2.5794723846545974e-08,2.5794723846545975e-06,9.199070836158591e-07,2.709827262512103e-10,0.00017475658076673004,5.128856209121483e-06,0.0002579472384654598,15960.172061019037
1877988116.3901737,2.352072598499874e-08,2.3520725984998738e-06,1.008844250874165e-06,2.7299595482992537e-10,0.00018981327255016779,5.128856209121483e-06,0.00023520725984998742,14553.163505603039
2059553131.1522965,2.1447198045327274e-08,2.1447198045327272e-06,1.1063799166773848e-06,2.7501941475346293e-10,0.0002061836113701853,5.128856209121483e-06,0.00021447198045327276,13270.193279313202
2258671960.1786747,1.9556467104325743e-08,1.955646710432574e-06,1.213345389009651e-06,2.7705310602182326e-10,0.00022390963695811746,5.128856209121483e-06,0.00019556467104325743,12100.326475582424
2477041716.7354593,1.7832418239169525e-08,1.7832418239169525e-06,1.330652347208386e-06,2.7909702863500625e-10,0.00024319691079631358,5.128856209121483e-06,0.00017832418239169528,11033.59218165501
2716523592.014822,1.6260357178026744e-08,1.626035717802674e-06,1.4593006123148481e-06,2.811511825930118e-10,0.0002644267221703824,5.128856209121483e-06,0.00016260357178026744,10060.898495320907
2979158718.2870355,1.4826885059046176e-08,1.4826885059046176e-06,1.6003866686668067e-06,2.832155678958401e-10,0.00028750343088875126,5.128856209121483e-06,0.00014826885059046176,9173.955033560727
3267185565.711529,1.3519784230277562e-08,1.3519784230277561e-06,1.755113009363864e-06,2.852901845434911e-10,0.00031257838120331966,5.128856209121483e-06,0.00013519784230277564,8365.202272633567
3583059021.0821037,1.2327914117182785e-08,1.2327914117182784e-06,1.9247983852579865e-06,2.8737503253596477e-10,0.00033995018575324487,5.128856209121483e-06,0.00012327914117182787,7627.747117364439
3929471311.116624,1.1241116270205089e-08,1.1241116270205087e-06,2.1108890448225605e-06,2.89470111873261e-10,0.00036984928473648147,5.128856209121483e-06,0.00011241116270205088,6955.30415048105
4309374948.622941,1.0250127783105117e-08,1.0250127783105116e-06,2.3149710606987483e-06,2.9157542255537997e-10,0.00040252144888577694,5.128856209121483e-06,0.00010250127783105117,6342.142061260918
4726007897.113724,9.346502344118763e-09,9.346502344118761e-07,2.5387838479796407e-06,2.9369096458232156e-10,0.00043816358463824904,5.128856209121483e-06,9.346502344118762e-05,5783.034796894247
5182921168.351454,8.522538247045536e-09,8.522538247045536e-07,2.7842349894502943e-06,2.9581673795408593e-10,0.00047704208597402846,5.128856209121483e-06,8.522538247045537e-05,5273.217020219277
5684009088.04047,7.771212748698319e-09,7.771212748698317e-07,3.0534164941407817e-06,2.9795274267067275e-10,0.0005193890675072866,5.128856209121483e-06,7.771212748698317e-05,4808.34349419166
6233542487.624429,7.086122213234612e-09,7.086122213234611e-07,3.3486226277659795e-06,3.000989787320824e-10,0.0005660658816349402,5.128856209121483e-06,7.086122213234613e-05,4384.452046916464
6836205105.086262,6.461427533213229e-09,6.461427533213228e-07,3.6723694670227772e-06,3.022554461383147e-10,0.0006169165401002691,5.128856209121483e-06,6.461427533213229e-05,3997.9298015899426
7497133504.999534,5.891804362192687e-09,5.891804362192686e-07,4.0274163444085746e-06,3.0442214488936957e-10,0.0006722086927700951,5.128856209121483e-06,5.891804362192688e-05,3645.4823835243105
8221960858.074278,5.372397734698404e-09,5.372397734698404e-07,4.416789366337682e-06,3.065990749852472e-10,0.0007327252171183617,5.128856209121483e-06,5.3723977346984045e-05,3324.1058418036514
9016864953.335218,4.898780686779466e-09,4.898780686779466e-07,4.843807205003131e-06,3.0878623642594745e-10,0.0007992564113273365,5.128856209121483e-06,4.898780686779466e-05,3031.06104625604
9888620852.146427,4.4669165244726e-09,4.4669165244725997e-07,5.312109383811278e-06,3.109836292114704e-10,0.0008716688511743679,5.128856209121483e-06,4.466916524472599e-05,2763.850341523941
10844658632.858343,4.0731244185834564e-09,4.0731244185834563e-07,5.8256872974690275e-06,3.1319125334181595e-10,0.0009504767484733611,5.128856209121483e-06,4.073124418583457e-05,2520.1962592530294
11893126718.242178,3.714048032545123e-09,3.714048032545123e-07,6.38891823111183e-06,3.154091088169843e-10,0.001036757645049101,5.128856209121483e-06,3.7140480325451234e-05,2298.022106960715
13042961325.458057,3.3866269159657982e-09,3.386626915965798e-07,7.006602668421065e-06,3.176371956369752e-10,0.0011310446228042718,5.128856209121483e-06,3.386626915965798e-05,2095.434268141237
14303962630.487984,3.0880704200490682e-09,3.088070420049068e-07,7.684005206712717e-06,3.1987551380178883e-10,0.0012333124035597497,5.128856209121483e-06,3.088070420049068e-05,1910.7060627488004
15686878296.191723,2.8158339125650433e-09,2.815833912565043e-07,8.426899427721289e-06,3.2212406331142507e-10,0.001344713258438084,5.128856209121483e-06,2.8158339125650437e-05,1742.2630304998727
17203495075.90519,2.5675970896497053e-09,2.567597089649705e-07,9.241617106518006e-06,3.2438284416588397e-10,0.0014659345857775685,5.128856209121483e-06,2.567597089649705e-05,1588.6695115624707
18866739273.3291,2.3412441995814447e-09,2.3412441995814445e-07,1.0135102177976421e-05,3.2665185636516564e-10,0.0015978300511703513,5.128856209121483e-06,2.3412441995814446e-05,1448.616410258108
20690786914.940193,2.1348460099795522e-09,2.134846009979552e-07,1.1114969920748447e-05,3.289310999092698e-10,0.0017405112918704342,5.128856209121483e-06,2.1348460099795522e-05,1320.910037484897
22691184573.93727,1.946643364729052e-09,1.9466433647290514e-07,1.2189571863182708e-05,3.3122057479819667e-10,0.0018952348950200043,5.128856209121483e-06,1.9466433647290517e-05,1204.4619367645194
24884981875.517883,1.7750321904856901e-09,1.77503219048569e-07,1.336806696438549e-05,3.3352028103194634e-10,0.002062450881279162,5.128856209121483e-06,1.77503219048569e-05,1098.2796071993075
27290876812.845123,1.6185498249695932e-09,1.618549824969593e-07,1.4660499677109626e-05,3.358302186105186e-10,0.00224341801415826,5.128856209121483e-06,1.6185498249695932e-05,1001.4580442700111
29929375112.24867,1.4758625505221407e-09,1.4758625505221406e-07,1.6077885557810003e-05,3.381503875339134e-10,0.002439366902602784,5.128856209121483e-06,1.4758625505221407e-05,913.1720263755365
32822965005.949486,1.3457542266730217e-09,1.3457542266730216e-07,1.763230515353079e-05,3.4048078780213107e-10,0.002649572006702158,5.128856209121483e-06,1.3457542266730219e-05,832.6690813718906
35996308901.91478,1.2271159248316027e-09,1.2271159248316024e-07,1.93370069658324e-05,3.4282141941517124e-10,0.0028766904598422206,5.128856209121483e-06,1.2271159248316028e-05,759.2630731633668
39476453584.47072,1.1189364767577166e-09,1.1189364767577166e-07,2.120652036933331e-05,3.451722823730342e-10,0.0031207850641704754,5.128856209121483e-06,1.1189364767577167e-05,692.3283536836509
43293060737.23484,1.0202938562555066e-09,1.0202938562555065e-07,2.3256779447283374e-05,3.475333766757198e-10,0.0033849661171709016,5.128856209121483e-06,1.0202938562555068e-05,631.2944304235695
47478659753.14511,9.303473206353756e-10,9.303473206353755e-08,2.5505258799635324e-05,3.499047023232279e-10,0.0036668576463343493,5.128856209121483e-06,9.303473206353756e-06,575.6411040561273
52068924986.311844,8.483302449649053e-10,8.483302449649052e-08,2.7971122481120783e-05,3.5228625931555883e-10,0.003970453325983401,5.128856209121483e-06,8.483302449649052e-06,524.8940347163015
57102979808.74585,7.735435880341205e-10,7.735435880341204e-08,3.06753873387493e-05,3.546780476527123e-10,0.004293070408301428,5.128856209121483e-06,7.735435880341205e-06,478.62069914641694
62623730063.47357,7.053499343447942e-10,7.053499343447941e-08,3.364110214087481e-05,3.570800673346887e-10,0.004641228597230184,5.128856209121483e-06,7.053499343447942e-06,436.42670424939723
68678229756.09679,6.431680613429898e-10,6.431680613429897e-08,3.6893544024566316e-05,3.5949231836148757e-10,0.005016579556016597,5.128856209121483e-06,6.4316806134298985e-06,397.9524256298909
75318082101.63321,5.864679855906656e-10,5.8646798559066565e-08,4.046043393562903e-05,3.6191480073310916e-10,0.005415227155822367,5.128856209121483e-06,5.8646798559066575e-06,362.86994247312396
82599879344.80429,5.347664456543264e-10,5.347664456543263e-08,4.437217289749487e-05,3.643475144495533e-10,0.005840122919118148,5.128856209121483e-06,5.347664456543264e-06,330.8802426371199
90585685102.41318,4.876227832108153e-10,4.876227832108152e-08,4.866210112273169e-05,3.667904595108203e-10,0.0062922171393519286,5.128856209121483e-06,4.876227832108153e-06,301.71067413694027
99343563338.86978,4.4463518726446093e-10,4.446351872644609e-08,5.336678217560666e-05,3.692436359169099e-10,0.006777176386020377,5.128856209121483e-06,4.44635187264461e-06,275.11262129966406
108948158483.38843,4.0543726946456055e-10,4.0543726946456054e-08,5.85263146076577e-05,3.71707043667822e-10,0.0,5.128856209121483e-06,4.054372694645606e-06,250.85938578367836
119481331633.26201,3.696949413342528e-10,3.6969494133425275e-08,6.418467372237766e-05,3.741806827635569e-10,0.0,5.128856209121483e-06,3.696949413342528e-06,228.74425440197533
131032858265.65184,3.371035667950173e-10,3.3710356679501725e-08,7.039008638191393e-05,3.7666455320411437e-10,0.0,5.128856209121483e-06,3.371035667950173e-06,208.57873728127294
143701193404.5651,3.0738536571745654e-10,3.073853657174565e-08,7.719544205030121e-05,3.791586549894946e-10,0.0,5.128856209121483e-06,3.0738536571745657e-06,190.1909613405996
157594310764.64023,2.8028704636847896e-10,2.8028704636847896e-08,8.465874357660325e-05,3.816629881196976e-10,0.0,5.128856209121483e-06,2.80287046368479e-06,173.4242053967465
172830623023.85208,2.5557764657598407e-10,2.5557764657598403e-08,9.284360156003679e-05,3.84177552594723e-10,0.0,5.128856209121483e-06,2.5557764657598405e-06,158.13556441113914
189539991068.73224,2.330465652110292e-10,2.330465652110292e-08,0.00010181977651061115,3.867023484145713e-10,0.0,5.128856209121483e-06,2.3304656521102925e-06,144.19473149333876
207864830814.022,2.1250176720956635e-10,2.1250176720956634e-08,0.00011166377342618329,3.892373755792422e-10,0.0,5.128856209121483e-06,2.1250176720956636e-06,131.48288728004493
227961327030.31293,1.937681468349389e-10,1.9376814683493886e-08,0.00012245949385357885,3.9178263408873567e-10,0.0,5.128856209121483e-06,1.937681468349389e-06,119.89168722364649
250000764525.2704,1.7668603523103336e-10,1.7668603523103335e-08,0.00013429895099137306,3.943381239430519e-10,0.0,5.128856209121483e-06,1.7668603523103337e-06,109.32233815886211
274170988024.2485,1.6110983954578932e-10,1.611098395457893e-08,0.00014728305392923302,3.9690384514219075e-10,0.0,5.128856209121483e-06,1.6110983954578932e-06,99.68475627694224
300678003193.04346,1.4690680202614557e-10,1.4690680202614555e-08,0.0001615224677079926,3.9947979768615237e-10,0.0,5.128856209121483e-06,1.4690680202614556e-06,90.89679933073998
329747732448.481,1.339558685080525e-10,1.3395586850805248e-08,0.00017713855653084845,4.0206598157493645e-10,0.0,5.128856209121483e-06,1.339558685080525e-06,82.88356652665003
361627940521.82623,1.2214665665755215e-10,1.2214665665755214e-08,0.00019426441816478035,4.046623968085434e-10,0.0,5.128856209121483e-06,1.2214665665755215e-06,75.57676013630953
396590346186.806,1.1137851516912874e-10,1.1137851516912875e-08,0.00021304601834851506,4.0726904338697285e-10,0.0,5.128856209121483e-06,1.1137851516912876e-06,68.91410338700503
434932938150.7711,1.0155966590275795e-10,1.0155966590275795e-08,0.0002336434348757363,4.0988592131022497e-10,0.0,5.128856209121483e-06,1.0155966590275795e-06,62.838809669391814
476982514847.6004,9.26064216479935e-11,9.26064216479935e-09,0.00025623222195700395,4.1251303057829997e-10,0.0,5.128856209121483e-06,9.260642164799349e-07,57.29909853852405
523097469779.29095,8.444247284800368e-11,8.444247284800368e-09,0.0002810049064889925,4.151503711911975e-10,0.0,5.128856209121483e-06,8.444247284800368e-07,52.247754383016265
573670846146.0557,7.699823720421584e-11,7.699823720421583e-09,0.0003081726289839446,4.1779794314891774e-10,0.0,5.128856209121483e-06,7.699823720421585e-07,47.64172400081723
629133686799.8715,7.021026661817948e-11,7.0210266618179475e-09,0.00033796694314515674,4.204557464514604e-10,0.0,5.128856209121483e-06,7.021026661817949e-07,43.441749651691445
689958708073.5641,6.402070641593754e-11,6.402070641593754e-09,0.0003706417894265135,4.2312378109882597e-10,0.0,5.128856209121483e-06,6.402070641593754e-07,39.61203445886742
756664328797.8503,5.837680224581864e-11,5.837680224581864e-09,0.00040647565939691717,4.2580204709101424e-10,0.0,5.128856209121483e-06,5.837680224581864e-07,36.119937308036235
829819088846.1918,5.3230450446873826e-11,5.323045044687382e-09,0.0004457739693567844,4.2849054442802506e-10,0.0,5.128856209121483e-06,5.323045044687383e-07,32.935694643283206
910046494867.1943,4.853778805570071e-11,4.85377880557007e-09,0.000488871663437198,4.311892731098585e-10,0.0,5.128856209121483e-06,4.853778805570071e-07,30.032166788790402
998030334505.3258,4.4258818957232295e-11,4.425881895723229e-09,0.0005361360683682471,4.338982331365147e-10,0.0,5.128856209121483e-06,4.4258818957232295e-07,27.384606634178233
1094520504403.6475,4.0357072993131584e-11,4.035707299313159e-09,0.0005879700242480664,4.3661742450799364e-10,0.0,5.128856209121483e-06,4.035707299313159e-07,24.9704487119653
1200339401661.3582,3.679929512232989e-11,3.6799295122329888e-09,0.0006448153179965098,4.39346847224295e-10,0.0,5.128856209121483e-06,3.6799295122329897e-07,22.769116869427105
1316388933221.2983,3.3555161984388624e-11,3.355516198438862e-09,0.0007071564487571911,4.420865012854191e-10,0.0,5.128856209121483e-06,3.355516198438863e-07,20.76184889561899
1443658202929.167,3.059702344992285e-11,3.0597023449922846e-09,0.0007755247573408124,4.4483638669136604e-10,0.0,5.128856209121483e-06,3.059702344992285e-07,18.931536608839984
1583231941782.2903,2.7899666955286345e-11,2.7899666955286345e-09,0.0008505029549055787,4.475965034421356e-10,0.0,5.128856209121483e-06,2.7899666955286347e-07,17.26258004158174
1736299753219.8386,2.5440102612918176e-11,2.544010261291817e-09,0.0009327300894731215,4.5036685153772777e-10,0.0,5.128856209121483e-06,2.5440102612918175e-07,15.740754480165638
1904166252253.2925,2.31973672658187e-11,2.31973672658187e-09,0.0010229069926101853,4.531474309781426e-10,0.0,5.128856209121483e-06,2.3197367265818702e-07,14.353089225829919
2088262184854.0134,2.1152345816090695e-11,2.1152345816090694e-09,0.0011218022526987047,4.5593824176338006e-10,0.0,5.128856209121483e-06,2.1152345816090696e-07,13.087757043934742
2290156622369.949,1.9287608304704743e-11,1.9287608304704743e-09,0.0012302587657052593,4.5873928389344015e-10,0.0,5.128856209121483e-06,1.9287608304704744e-07,11.933973359045964
2511570334905.822,1.7587261353902533e-11,1.7587261353902533e-09,0.0013492009192828229,4.61550557368323e-10,0.0,5.128856209121483e-06,1.7587261353902535e-07,10.88190433672665
2754390457649.647,1.6036812706063966e-11,1.6036812706063967e-09,0.00147964247143574,4.643720621880285e-10,0.0,5.128856209121483e-06,1.6036812706063968e-07,9.92258306860649
3020686575148.58,1.4623047704485696e-11,1.4623047704485695e-09,0.0016226951908987926,4.672037983525566e-10,0.0,5.128856209121483e-06,1.4623047704485695e-07,9.047833146363867
3312728360622.081,1.3333916663303605e-11,1.3333916663303603e-09,0.001779578332873241,4.700457658619074e-10,0.0,5.128856209121483e-06,1.3333916663303605e-07,8.250198973233465
3633004920654.542,1.2158432166598606e-11,1.2158432166598605e-09,0.0019516290308827556,4.728979647160809e-10,0.0,5.128856209121483e-06,1.2158432166598607e-07,7.522882219075449
3984246010144.2163,1.1086575421355153e-11,1.1086575421355152e-09,0.0021403136933201066,4.757603949150772e-10,0.0,5.128856209121483e-06,1.1086575421355155e-07,6.859683877406052
4369445298326.242,1.0109210866106408e-11,1.0109210866106406e-09,0.0023472405018188885,4.78633056458896e-10,0.0,5.128856209121483e-06,1.0109210866106408e-07,6.254951430533972
4791885884168.624,9.218008307466369e-12,9.218008307466368e-10,0.002574173117975261,4.815159493475374e-10,0.0,5.128856209121483e-06,9.218008307466368e-08,5.703530672485421
5255168278612.046,8.405371920908966e-12,8.405371920908966e-10,0.002823045715243795,4.844090735810015e-10,0.0,5.128856209121483e-06,8.405371920908967e-08,5.20072177909858
5763241092149.202,7.664375510659907e-12,7.664375510659907e-10,0.003095979464125904,4.873124291592884e-10,0.0,5.128856209121483e-06,7.664375510659909e-08,4.742239250868064
6320434689297.791,6.988703476913031e-12,6.98870347691303e-10,0.003395300611156242,4.902260160823977e-10,0.0,5.128856209121483e-06,6.988703476913031e-08,4.324175387127076
6931498096808.206,6.372596987228088e-12,6.372596987228088e-10,0.003723560305776365,4.931498343503299e-10,0.0,5.128856209121483e-06,6.372596987228089e-08,3.9429669802536345
7601639480178.501,5.8108048933228235e-12,5.810804893322824e-10,0.004083556344082244,4.960838839630847e-10,0.0,5.128856209121483e-06,5.8108048933228246e-08,3.5953649460318644
8336570533463.329,5.298538974916658e-12,5.298538974916658e-10,0.004478357014770435,4.990281649206622e-10,0.0,5.128856209121483e-06,5.2985389749166584e-08,3.278406631323908
9142555160716.047,4.831433129164481e-12,4.831433129164481e-10,0.0049113272505245395,5.019826772230623e-10,0.0,5.128856209121483e-06,4.831433129164481e-08,2.9893905630278006
10026462863981.904,4.405506157847065e-12,4.4055061578470643e-10,0.005386157307733423,5.049474208702851e-10,0.0,5.128856209121483e-06,4.405506157847065e-08,2.7258534231035467
10995827292874.084,4.017127835149149e-12,4.017127835149149e-10,0.005906894218981596,5.079223958623306e-10,0.0,5.128856209121483e-06,4.0171278351491494e-08,2.4855490534229725
12058910454758.025,3.662987966816572e-12,3.662987966816571e-10,0.006477976286385329,5.109076021991987e-10,0.0,5.128856209121483e-06,3.6629879668165723e-08,2.2664293114990284
13224773132814.717,3.3400681769802014e-12,3.340068176980201e-10,0.00710427090976509,5.139030398808895e-10,0.0,5.128856209121483e-06,3.3400681769802015e-08,2.066626613925792
14503352112164.592,3.0456161821823607e-12,3.0456161821823607e-10,0.007791116072068391,5.169087089074029e-10,0.0,5.128856209121483e-06,3.045616182182361e-08,1.884438018744801
15905544872258.965,2.777122333340334e-12,2.7771223333403337e-10,0.008544365835627964,5.199246092787391e-10,0.0,5.128856209121483e-06,2.7771223333403338e-08,1.71831071106991
17443302467382.82,2.5322982257111934e-12,2.5322982257111933e-10,0.009370440237025544,5.229507409948978e-10,0.0,5.128856209121483e-06,2.5322982257111936e-08,1.5668287682628448
19129731386900.39,2.3090571945482176e-12,2.3090571945482174e-10,0.010276380005821054,5.259871040558792e-10,0.0,5.128856209121483e-06,2.3090571945482178e-08,1.4287010918575207
20979205263409.516,2.105496530211196e-12,2.105496530211196e-10,0.01126990657352088,5.290336984616833e-10,0.0,5.128856209121483e-06,2.105496530211196e-08,1.3027504033755717
23007487380907.96,1.9198812611476926e-12,1.9198812611476926e-10,0.012359487884249504,5.320905242123103e-10,0.0,5.128856209121483e-06,1.9198812611476928e-08,1.187903210242991
25231865027122.01,1.7506293665258834e-12,1.7506293665258833e-10,0.013554410568035977,5.351575813077595e-10,0.0,5.128856209121483e-06,1.750629366525884e-08,1.0831806562863122
27671296835099.32,1.59629829248437e-12,1.59629829248437e-10,0.014864859091857294,5.382348697480318e-10,0.0,5.128856209121483e-06,1.5962982924843703e-08,0.9876901788259672
30346574369873.84,1.455572657075522e-12,1.4555726570755218e-10,0.01630200256305131,5.413223895331266e-10,0.0,5.128856209121483e-06,1.455572657075522e-08,0.9006179012593206
33280499337427.527,1.327253039109945e-12,1.327253039109945e-10,0.017878089924936277,5.44420140663044e-10,0.0,5.128856209121483e-06,1.327253039109945e-08,0.8212216962943631
36498077926319.69,1.2102457553482265e-12,1.2102457553482264e-10,0.019606554355999405,5.47528123137784e-10,0.0,5.128856209121483e-06,1.2102457553482264e-08,0.7488248607112767
40026733938382.01,1.1035535389096685e-12,1.1035535389096686e-10,0.02150212776246181,5.506463369573468e-10,0.0,5.128856209121483e-06,1.1035535389096685e-08,0.682810347741064
43896542525015.414,1.0062670394490641e-12,1.006267039449064e-10,0.0235809663400524,5.537747821217323e-10,0.0,5.128856209121483e-06,1.0062670394490641e-08,0.6226155079031722
48140486521253.57,9.175570726564185e-13,9.175570726564185e-11,0.02586078827517016,5.569134586309402e-10,0.0,5.128856209121483e-06,9.175570726564187e-09,0.5677272934775895
52794737562356.35,8.366675530212772e-13,8.366675530212772e-11,0.028361024759076703,5.60062366484971e-10,0.0,5.128856209121483e-06,8.366675530212772e-09,0.5176778857386148
57898964378922.99,7.629090496267502e-13,7.629090496267501e-11,0.031102985602231018,5.632215056838245e-10,0.0,5.128856209121483e-06,7.629090496267502e-09,0.4720407076806865
63496670898162.36,6.956529100484787e-13,6.956529100484787e-11,0.034110040860317756,5.663908762275007e-10,0.0,5.128856209121483e-06,6.9565291004847885e-09,0.4304267882522426
69635567032995.78,6.343259022758747e-13,6.343259022758747e-11,0.03740782001998823,5.695704781159993e-10,0.0,5.128856209121483e-06,6.343259022758747e-09,0.3924814471095702
76367975319272.98,5.78405328988074e-13,5.784053289880739e-11,0.04102443044199861,5.727603113493207e-10,0.0,5.128856209121483e-06,5.784053289880739e-09,0.3578812716343971
83751276866915.56,5.274145725430297e-13,5.2741457254302964e-11,0.04499069692356031,5.759603759274648e-10,0.0,5.128856209121483e-06,5.274145725430297e-09,0.32633136045000594
91848400425885.77,4.809190327091233e-13,4.809190327091232e-11,0.049340424421722866,5.791706718504317e-10,0.0,5.128856209121483e-06,4.809190327091233e-09,0.2975628099420121
100728358735344.45,4.3852242251613164e-13,4.385224225161316e-11,0.05411068617700996,5.82391199118221e-10,0.0,5.128856209121483e-06,4.385224225161316e-09,0.2713304223611423
110466836727368.36,3.998633906546325e-13,3.9986339065463244e-11,0.05934213969302183,5.856219577308332e-10,0.0,5.128856209121483e-06,3.9986339065463254e-09,0.24741061597389297
121146836598551.69,3.646124416361795e-13,3.6461244163617944e-11,0.06507937326513331,5.888629476882679e-10,0.0,5.128856209121483e-06,3.6461244163617954e-09,0.22559951944904857
132859385247517.94,3.324691274643875e-13,3.324691274643874e-11,0.07137128601179452,5.921141689905252e-10,0.0,5.128856209121483e-06,3.3246912746438744e-09,0.20571123423827717
145704310107916.75,3.0315948688121316e-13,3.0315948688121314e-11,0.07827150464748671,5.953756216376054e-10,0.0,5.128856209121483e-06,3.0315948688121317e-09,0.18757625014087126
159791089989410.84,2.764337103628519e-13,2.7643371036285187e-11,0.08583884054953275,5.986473056295081e-10,0.0,5.128856209121483e-06,2.764337103628519e-09,0.1710400005483212
175239788178487.72,2.520640109636909e-13,2.5206401096369087e-11,0.09413779101440475,6.019292209662334e-10,0.0,5.128856209121483e-06,2.520640109636909e-09,0.1559615450548733
192182075752009.47,2.2984268286130915e-13,2.2984268286130914e-11,0.10323908897578817,6.052213676477814e-10,0.0,5.128856209121483e-06,2.2984268286130915e-09,0.142212368205831
210762353825335.4,2.0958033105524843e-13,2.0958033105524843e-11,0.11322030586972075,6.085237456741522e-10,0.0,5.128856209121483e-06,2.0958033105524845e-09,0.1296752841451721
231138984300055.88,1.911042571310915e-13,1.9110425713109148e-11,0.12416651278508878,6.118363550453457e-10,0.0,5.128856209121483e-06,1.9110425713109147e-09,0.11824343782668019
253485639601161.6,1.7425698733150162e-13,1.7425698733150158e-11,0.13617100553455372,6.151591957613619e-10,0.0,5.128856209121483e-06,1.742569873315016e-09,0.10781939427577902
277992782907604.97,1.5889493038881626e-13,1.5889493038881626e-11,0.14933609982576698,6.184922678222005e-10,0.0,5.128856209121483e-06,1.5889493038881626e-09,0.09831430813975275
304869291492443.44,1.4488715367973375e-13,1.4488715367973374e-11,0.16377400331021652,6.218355712278617e-10,0.0,5.128856209121483e-06,1.4488715367973376e-09,0.08964716644832393
334344237008470.3,1.3211426727112437e-13,1.3211426727112436e-11,0.17960777194227268,6.25189105978346e-10,0.0,5.128856209121483e-06,1.3211426727112436e-09,0.0817440981305542
366668837892932.2,1.2046740634554654e-13,1.2046740634554655e-11,0.19697235879960295,6.285528720736526e-10,0.0,5.128856209121483e-06,1.2046740634554656e-09,0.07453774440299249
402118600531905.75,1.0984730333356574e-13,1.0984730333356573e-11,0.2160157643041733,6.31926869513782e-10,0.0,5.128856209121483e-06,1.0984730333356574e-09,0.06796668466281788
440995667433714.7,1.001634418445541e-13,1.001634418445541e-11,0.23690029764729675,6.35311098298734e-10,0.0,5.128856209121483e-06,1.001634418445541e-09,0.06197491299279872
483631392425173.5,9.133328518481429e-14,9.133328518481427e-12,0.25980396017001994,6.387055584285089e-10,0.0,5.128856209121483e-06,9.133328518481428e-10,0.05651136081625267
530389164819330.5,8.328157288760536e-14,8.328157288760534e-12,0.28492196248954454,6.421102499031061e-10,0.0,5.128856209121483e-06,8.328157288760536e-10,0.05152946163354501
581667506625456.1,7.593967925930568e-14,7.593967925930567e-12,0.31246838830234897,6.455251727225262e-10,0.0,5.128856209121483e-06,7.593967925930568e-10,0.04698675413031842
637903469199119.9,6.92450284745342e-14,6.924502847453419e-12,0.3426780190447771,6.489503268867689e-10,0.0,5.128856209121483e-06,6.924502847453419e-10,0.04284452027470394
699576358282456.4,6.314056123500781e-14,6.314056123500781e-12,0.3758083349629197,6.523857123958344e-10,0.0,5.128856209121483e-06,6.314056123500782e-10,0.03906745531896723
767211819183529.5,5.757424844641324e-14,5.757424844641324e-12,0.412141709647116,6.558313292497224e-10,0.0,5.128856209121483e-06,5.757424844641324e-10,0.035623366892980214
841386316913311.5,5.249864776829765e-14,5.249864776829765e-12,0.4519878167353795,6.59287177448433e-10,0.0,5.128856209121483e-06,5.249864776829765e-10,0.0324829006248524
922732049464945.0,4.7870499257406904e-14,4.7870499257406896e-12,0.49568626929833115,6.627532569919663e-10,0.0,5.128856209121483e-06,4.78704992574069e-10,0.029619289950157925
1011942336111817.9,4.3650356658085615e-14,4.365035665808561e-12,0.5436095144014623,6.662295678803224e-10,0.0,5.128856209121483e-06,4.3650356658085615e-10,0.027008127977349174
1109777526649517.8,3.9802251197187184e-14,3.980225119718718e-12,0.5961660075154108,6.697161101135012e-10,0.0,5.128856209121483e-06,3.980225119718719e-10,0.024627159464941168
1217071481946805.2,3.6293385017978606e-14,3.6293385017978604e-12,0.6538036938301038,6.732128836915026e-10,0.0,5.128856209121483e-06,3.629338501797861e-10,0.022456091137463868
1334738681040163.2,3.309385164013842e-14,3.309385164013842e-12,0.717013826144454,6.767198886143265e-10,0.0,5.128856209121483e-06,3.309385164013842e-10,0.0204764187234814
1463782015346484.2,3.017638106329757e-14,3.0176381063297567e-12,0.7863351518719046,6.80237124881973e-10,0.0,5.128856209121483e-06,3.0176381063297573e-10,0.018671269241504085
1605301336424931.0,2.751610734160926e-14,2.7516107341609258e-12,0.8623585048481935,6.837645924944424e-10,0.0,5.128856209121483e-06,2.7516107341609263e-10,0.017025257189576717
1760502830141468.2,2.509035664836035e-14,2.5090356648360347e-12,0.9457318410778045,6.873022914517345e-10,0.0,5.128856209121483e-06,2.509035664836035e-10,0.015524353412831187
1930709297133299.2,2.2878454024271224e-14,2.2878454024271224e-12,1.0371657613394365,6.908502217538494e-10,0.0,5.128856209121483e-06,2.2878454024271226e-10,0.014155765531344369
2117371427194694.8,2.0861547162379635e-14,2.086154716237963e-12,1.1374395677202436,6.944083834007864e-10,0.0,5.128856209121483e-06,2.0861547162379631e-10,0.012907828909175405
2322080163677269.5,1.902244572760423e-14,1.9022445727604226e-12,1.247407905699467,6.979767763925467e-10,0.0,5.128856209121483e-06,1.902244572760423e-10,0.011769907235297403
2546580263287763.5,1.7345474841491695e-14,1.7345474841491696e-12,1.3680080483926325,7.015554007291294e-10,0.0,5.128856209121483e-06,1.7345474841491696e-10,0.010732301869064357
2792785166855276.0,1.5816341483378484e-14,1.5816341483378484e-12,1.5002678850408793,7.051442564105346e-10,0.0,5.128856209121483e-06,1.5816341483378484e-10,0.009786169177552768
3062793307813180.5,1.4422012669289636e-14,1.4422012669289635e-12,1.6453146818322224,7.087433434367626e-10,0.0,5.128856209121483e-06,1.4422012669289637e-10,0.008923445160235
3358905997394718.0,1.315060437027956e-14,1.3150604370279558e-12,1.8043846897241977,7.123526618078135e-10,0.0,5.128856209121483e-06,1.315060437027956e-10,0.008136776718551892
3683647038980123.5,1.1991280223451275e-14,1.1991280223451273e-12,1.9788336811566118,7.159722115236866e-10,0.0,5.128856209121483e-06,1.1991280223451277e-10,0.007419458984586266
4039784238770563.0,1.0934159172357201e-14,1.09341591723572e-12,2.1701485054599847,7.196019925843827e-10,0.0,5.128856209121483e-06,1.09341591723572e-10,0.006765378174682734
4430352996126752.0,9.970231249589903e-15,9.970231249589903e-13,2.3799597614477173,7.232420049899014e-10,0.0,5.128856209121483e-06,9.970231249589903e-11,0.006168959480948713
4858682174635831.0,9.091280783766838e-15,9.091280783766837e-13,2.610055695202157,7.268922487402427e-10,0.0,5.128856209121483e-06,9.09128078376684e-11,0.005625119556508996
5328422474408306.0,8.289816376394259e-15,8.289816376394259e-13,2.8623974415068556,7.305527238354068e-10,0.0,5.128856209121483e-06,8.289816376394259e-11,0.00512922318954084
5843577547425727.0,7.559007051794179e-15,7.559007051794178e-13,3.139135738829665,7.342234302753935e-10,0.0,5.128856209121483e-06,7.559007051794179e-11,0.004677043796816841
6408538121138689.0,6.892624035893016e-15,6.892624035893016e-13,3.442629260320339,7.379043680602025e-10,0.0,5.128856209121483e-06,6.892624035893017e-11,0.004264727400037603
7028119421155022.0,6.2849876676452234e-15,6.284987667645224e-13,3.7754647170601268,7.415955371898346e-10,0.0,5.128856209121483e-06,6.284987667645224e-11,0.0038887597779199467
7707602211975261.0,5.730918990612664e-15,5.730918990612663e-13,4.140478904905239,7.452969376642893e-10,0.0,5.128856209121483e-06,5.7309189906126644e-11,0.0035459365140746565
8452777805571611.0,5.2256956121077335e-15,5.225695612107733e-13,4.540782882832665,7.490085694835667e-10,0.0,5.128856209121483e-06,5.225695612107733e-11,0.003233335685387445
9269997421422878.0,4.7650114536835736e-15,4.765011453683573e-13,4.979788488862739,7.527304326476667e-10,0.0,5.128856209121483e-06,4.765011453683574e-11,0.0029482929581236723
1.0166226318707286e+16,4.344940049919523e-15,4.344940049919523e-13,5.461237419557047,7.564625271565894e-10,0.0,5.128856209121483e-06,4.344940049919523e-11,0.0026883788794976366
1.1149103162027938e+16,3.9619010826932474e-15,3.9619010826932474e-13,5.989233120939525,7.602048530103348e-10,0.0,5.128856209121483e-06,3.9619010826932476e-11,0.0024513781711599505
1.222700512665229e+16,3.612629865707044e-15,3.6126298657070436e-13,6.568275762650958,7.639574102089028e-10,0.0,5.128856209121483e-06,3.612629865707044e-11,0.002235270848118856
1.3409119298164898e+16,3.2941495191814947e-15,3.2941495191814943e-13,7.2033005934255545,7.677201987522932e-10,0.0,5.128856209121483e-06,3.2941495191814946e-11,0.002038215002169904
1.4705520975081934e+16,3.003745597557865e-15,3.0037455975578643e-13,7.899720004798259,7.714932186405065e-10,0.0,5.128856209121483e-06,3.003745597557865e-11,0.0018585311030949985
1.6127259541808242e+16,2.738942953958595e-15,2.7389429539585946e-13,8.663469661555892,7.752764698735425e-10,0.0,5.128856209121483e-06,2.738942953958595e-11,0.00169468768382835
1.7686452643844266e+16,2.4974846442184125e-15,2.4974846442184126e-13,9.501059092108441,7.790699524514013e-10,0.0,5.128856209121483e-06,2.497484644218413e-11,0.0015452882875819675
1.9396389467907836e+16,2.277312690683031e-15,2.277312690683031e-13,10.41962716996744,7.828736663740828e-10,0.0,5.128856209121483e-06,2.2773126906830313e-11,0.001409059565679759
2.1271644007240116e+16,2.076550541822848e-15,2.0765505418228477e-13,11.42700295920699,7.866876116415867e-10,0.0,5.128856209121483e-06,2.076550541822848e-11,0.001284840424656565
2.3328199277468972e+16,1.893487078162926e-15,1.8934870781629257e-13,12.531772442500301,7.905117882539132e-10,0.0,5.128856209121483e-06,1.893487078162926e-11,0.0011715721301216076
2.5583583541736212e+16,1.7265620282098887e-15,1.7265620282098886e-13,13.74335170046262,7.943461962110624e-10,0.0,5.128856209121483e-06,1.7265620282098888e-11,0.0010682892830404045
2.8057019706152548e+16,1.5743526700738969e-15,1.5743526700738968e-13,15.072067166017371,7.981908355130343e-10,0.0,5.128856209121483e-06,1.574352670073897e-11,0.0009741115915248975
3.076958915889273e+16,1.4355617054422432e-15,1.435561705442243e-13,16.52924363780143,8.02045706159829e-10,0.0,5.128856209121483e-06,1.4355617054422433e-11,0.000888236368001905
3.3744411449354124e+16,1.3090062025527683e-15,1.3090062025527682e-13,18.127300802759958,8.059108081514463e-10,0.0,5.128856209121483e-06,1.3090062025527684e-11,0.0008099316878122284
3.7006841338803224e+16,1.1936075139269284e-15,1.1936075139269282e-13,19.879859090603226,8.097861414878864e-10,0.0,5.128856209121483e-06,1.1936075139269284e-11,0.0007385301509304528
4.058468490199633e+16,1.0883820829301163e-15,1.0883820829301162e-13,21.801855762335403,8.136717061691492e-10,0.0,5.128856209121483e-06,1.0883820829301163e-11,0.0006734231936358165
4.450843652163462e+16,9.924330608024454e-16,9.924330608024453e-14,23.909672222292105,8.175675021952345e-10,0.0,5.128856209121483e-06,9.924330608024457e-12,0.0006140559016518317
4.881153879558442e+16,9.04942662710995e-16,9.04942662710995e-14,26.221273638781508,8.214735295661419e-10,0.0,5.128856209121483e-06,9.04942662710995e-12,0.0005599222805464607
5.35306675720849e+16,8.25165197673189e-16,8.25165197673189e-14,28.756362063333718,8.253897882818728e-10,0.0,5.128856209121483e-06,8.25165197673189e-12,0.0005105609430818686
5.870604454232612e+16,7.524207129446466e-16,7.524207129446465e-14,31.53654435360848,8.293162783424261e-10,0.0,5.128856209121483e-06,7.524207129446467e-12,0.00046555117675660623
6.438178005466913e+16,6.860891987017026e-16,6.860891987017025e-14,34.58551633119257,8.332529997478022e-10,0.0,5.128856209121483e-06,6.860891987017027e-12,0.00042450935802331206
7.060624907234721e+16,6.256053036245616e-16,6.256053036245616e-14,37.92926474388182,8.371999524980006e-10,0.0,5.128856209121483e-06,6.256053036245618e-12,0.0003870856826199775
7.743250347898387e+16,5.704535163413117e-16,5.704535163413117e-14,41.596288753797886,8.41157136593022e-10,0.0,5.128856209121483e-06,5.704535163413117e-12,0.00035296118414695896
8.49187242460537e+16,5.201637716637026e-16,5.201637716637025e-14,45.617842839108235,8.451245520328658e-10,0.0,5.128856209121483e-06,5.2016377166370254e-12,0.000321845015478736
9.31287173161659e+16,4.743074441660927e-16,4.7430744416609275e-14,50.028203179630545,8.491021988175329e-10,0.0,5.128856209121483e-06,4.743074441660928e-12,0.00029347196983954836
1.0213245742863712e+17,4.3249369496040177e-16,4.324936949604017e-14,54.86495979675523,8.530900769470215e-10,0.0,5.128856209121483e-06,4.324936949604017e-12,0.00026760022041477253
1.1200668452245266e+17,3.943661405301452e-16,3.943661405301451e-14,60.16933693763384,8.570881864213338e-10,0.0,5.128856209121483e-06,3.9436614053014524e-12,0.00024400925923244354
1.2283555779981242e+17,3.5959981523171507e-16,3.595998152317151e-14,65.98654443429702,8.610965272404684e-10,0.0,5.128856209121483e-06,3.595998152317151e-12,0.00022249801774781706
1.3471137302494138e+17,3.27898401573852e-16,3.27898401573852e-14,72.36616303238726,8.651150994044257e-10,0.0,5.128856209121483e-06,3.27898401573852e-12,0.00020288315311243603
1.47735349171774e+17,2.9899170466871943e-16,2.989917046687194e-14,79.36256697370196,8.691439029132056e-10,0.0,5.128856209121483e-06,2.9899170466871947e-12,0.0001849974855214097
1.620184911252074e+17,2.726333493290065e-16,2.7263334932900647e-14,87.0353874342693,8.731829377668083e-10,0.0,5.128856209121483e-06,2.726333493290065e-12,0.00016868857332021819
1.7768253578882922e+17,2.4859868018314405e-16,2.4859868018314402e-14,95.45002076789571,8.772322039652335e-10,0.0,5.128856209121483e-06,2.4859868018314406e-12,0.00015381741372650945
1.94860989662904e+17,2.266828469110779e-16,2.266828469110779e-14,104.67818588700169,8.812917015084811e-10,0.0,5.128856209121483e-06,2.2668284691107793e-12,0.0001402572580929915
2.1370026673602803e+17,2.0669905828082077e-16,2.0669905828082075e-14,114.79853553137504,8.853614303965516e-10,0.0,5.128856209121483e-06,2.0669905828082075e-12,0.00012789253161375652
2.3436093638881587e+17,1.8847699010476027e-16,1.8847699010476026e-14,125.89732663474476,8.894413906294451e-10,0.0,5.128856209121483e-06,1.8847699010476026e-12,0.00011661784826658483
2.5701909194567584e+17,1.7186133354651111e-16,1.718613335465111e-14,138.0691555028043,8.935315822071612e-10,0.0,5.128856209121483e-06,1.718613335465111e-12,0.0001063371125954423
2.8186785153898253e+17,1.5671047140538563e-16,1.567104714053856e-14,151.41776406868163,8.976320051296996e-10,0.0,5.128856209121483e-06,1.5671047140538561e-12,9.696270067757556e-05
3.0911900407769914e+17,1.4289527109628742e-16,1.4289527109628743e-14,166.05692409767266,9.01742659397061e-10,0.0,5.128856209121483e-06,1.4289527109628745e-12,8.841471329448229e-05
3.3900481434922854e+17,1.3029798403745802e-16,1.30297984037458e-14,182.11140687741596,9.05863545009245e-10,0.0,5.128856209121483e-06,1.3029798403745803e-12,8.062029494144812e-05
3.717800026395883e+17,1.1881124206542698e-16,1.1881124206542696e-14,199.71804665829194,9.099946619662512e-10,0.0,5.128856209121483e-06,1.1881124206542698e-12,7.351301287148739e-05
4.0772391574446694e+17,1.0833714232348569e-16,1.0833714232348568e-14,219.02690690788657,9.141360102680804e-10,0.0,5.128856209121483e-06,1.083371423234857e-12,6.703229088120167e-05
4.471429078748933e+17,9.878641282409884e-17,9.878641282409883e-15,240.20255931961486,9.182875899147323e-10,0.0,5.128856209121483e-06,9.878641282409883e-13,6.112289301265749e-05
4.903729517503258e+17,9.007765157321985e-17,9.007765157321985e-15,263.4254864766827,9.22449400906207e-10,0.0,5.128856209121483e-06,9.007765157321987e-13,5.573445277079866e-05
5.3778250213376403e+17,8.213663277149593e-17,8.213663277149592e-15,288.89362012642925,9.266214432425043e-10,0.0,5.128856209121483e-06,8.213663277149593e-13,5.0821043843869135e-05
5.897756362151556e+17,7.489567417902454e-17,7.489567417902454e-15,316.824028175957,9.308037169236245e-10,0.0,5.128856209121483e-06,7.489567417902454e-13,4.6340788668040515e-05
6.467954976089448e+17,6.82930602516401e-17,6.829306025164009e-15,347.4547647875056,9.349962219495672e-10,0.0,5.128856209121483e-06,6.82930602516401e-13,4.225550149999638e-05
7.093280733193705e+17,6.227251613205106e-17,6.227251613205106e-15,381.0468993421578,9.391989583203324e-10,0.0,5.128856209121483e-06,6.227251613205108e-13,3.8530362955337604e-05
7.779063358650199e+17,5.678272801259423e-17,5.678272801259423e-15,417.88674156496324,9.434119260359196e-10,0.0,5.128856209121483e-06,5.678272801259424e-13,3.513362323886254e-05
8.531147858664916e+17,5.177690578159766e-17,5.177690578159766e-15,458.28828177650854,9.476351250963303e-10,0.0,5.128856209121483e-06,5.177690578159767e-13,3.203633153731647e-05
9.355944338140948e+17,4.721238422574265e-17,4.721238422574265e-15,502.5958670694375,9.518685555015639e-10,0.0,5.128856209121483e-06,4.721238422574265e-13,2.9212089268197104e-05
1.0260482634758866e+18,4.305025938941642e-17,4.305025938941642e-15,551.1871362193486,9.561122172516197e-10,0.0,5.128856209121483e-06,4.305025938941642e-13,2.66368250815211e-05
1.1252472235112403e+18,3.9255056991710016e-17,3.925505699171001e-15,604.4762383446204,9.603661103464984e-10,0.0,5.128856209121483e-06,3.9255056991710015e-13,2.4288589696869096e-05
1.234036798357209e+18,3.579443007493777e-17,3.579443007493777e-15,662.9173627481989,9.646302347861998e-10,0.0,5.128856209121483e-06,3.579443007493777e-13,2.2147368827079683e-05
1.3533442143921e+18,3.263888330770186e-17,3.263888330770185e-15,727.0086100265951,9.689045905707234e-10,0.0,5.128856209121483e-06,3.2638883307701853e-13,2.0194912594119414e-05
1.4841863427952553e+18,2.976152159270389e-17,2.976152159270388e-15,797.2962374400148,9.731891777000697e-10,0.0,5.128856209121483e-06,2.9761521592703887e-13,1.8414579983219773e-05
1.6276783664601114e+18,2.71378208366571e-17,2.7137820836657097e-15,874.3793147274505,9.774839961742393e-10,0.0,5.128856209121483e-06,2.7137820836657104e-13,1.6791197009544728e-05
1.7850432848294538e+18,2.4745418928548525e-17,2.4745418928548523e-15,958.9148300486825,9.81789045993231e-10,0.0,5.128856209121483e-06,2.4745418928548527e-13,1.5310927388529344e-05
1.957622337663976e+18,2.25639251447279e-17,2.25639251447279e-15,1051.6232895718867,9.861043271570456e-10,0.0,5.128856209121483e-06,2.2563925144727898e-13,1.3961154607593647e-05
2.146886436586951e+18,2.0574746356365182e-17,2.057474635636518e-15,1153.2948584326841,9.90429839665683e-10,0.0,5.128856209121483e-06,2.0574746356365184e-13,1.2730374394117959e-05
2.3544487018374866e+18,1.8760928558020503e-17,1.8760928558020502e-15,1264.7960954047908,9.947655835191425e-10,0.0,5.128856209121483e-06,1.8760928558020504e-13,1.1608096663170427e-05
2.5820782110846013e+18,1.7107012366655973e-17,1.7107012366655971e-15,1387.0773386826625,9.991115587174254e-10,0.0,5.128856209121483e-06,1.7107012366655973e-13,1.0584756109275802e-05
2.8317150774848333e+18,1.559890125949078e-17,1.559890125949078e-15,1521.1808057260037,1.0034677652605302e-09,0.0,5.128856209121483e-06,1.5598901259490783e-13,9.651630680188746e-06
3.1054869854956e+18,1.422374142767432e-17,1.4223741427674319e-15,1668.249476202154,1.0078342031484582e-09,0.0,5.128856209121483e-06,1.422374142767432e-13,8.800767237813431e-06
3.40572732538068e+18,1.2969812221757904e-17,1.2969812221757902e-15,1829.53683373655,1.0122108723812087e-09,0.0,5.128856209121483e-06,1.2969812221757904e-13,8.024913772669908e-06
3.7349950809707116e+18,1.1826426255216688e-17,1.1826426255216687e-15,2006.4175495015418,1.016597772958782e-09,0.0,5.128856209121483e-06,1.1826426255216688e-13,7.317457594161685e-06
4.0960966401842227e+18,1.0783838314593713e-17,1.0783838314593713e-15,2200.399198700946,1.0209949048811776e-09,0.0,5.128856209121483e-06,1.0783838314593714e-13,6.672368969833794e-06
4.4921097142028764e+18,9.833162299896196e-18,9.833162299896196e-16,2413.1351098113223,1.0254022681483965e-09,0.0,5.128856209121483e-06,9.833162299896196e-14,6.084149733251893e-06
4.926409569166873e+18,8.9662954873172e-18,8.9662954873172e-16,2646.4384560955873,1.0298198627604376e-09,0.0,5.128856209121483e-06,8.9662954873172e-14,5.547786422481247e-06
5.402697793966409e+18,8.175849468764834e-18,8.175849468764833e-16,2902.2977094926114,1.0342476887173018e-09,0.0,5.128856209121483e-06,8.175849468764834e-14,5.058707549759278e-06
5.925033849320316e+18,7.455087179588738e-18,7.455087179588738e-16,3182.8935885980563,1.0386857460189877e-09,0.0,5.128856209121483e-06,7.455087179588739e-14,4.612744638166224e-06
6.497869667038812e+18,6.7978654777831144e-18,6.797865477783114e-16,3490.617645186304,1.0431340346654972e-09,0.0,5.128856209121483e-06,6.797865477783113e-14,4.206096693204483e-06
7.126087594363121e+18,6.198582785263244e-18,6.198582785263243e-16,3828.0926476881505,1.047592554656829e-09,0.0,5.128856209121483e-06,6.198582785263244e-14,3.8352978064744505e-06
7.815042006787088e+18,5.652131344954472e-18,5.652131344954471e-16,4198.194935355611,1.0520613059929837e-09,0.0,5.128856209121483e-06,5.652131344954472e-14,3.4971876153282285e-06
8.570604944031038e+18,5.1538536867762596e-18,5.153853686776259e-16,4604.07893364061,1.056540288673961e-09,0.0,5.128856209121483e-06,5.1538536867762595e-14,3.1888843667260613e-06
9.399216158128886e+18,4.699502931475353e-18,4.699502931475353e-16,5049.204039735157,1.0610295026997606e-09,0.0,5.128856209121483e-06,4.6995029314753526e-14,2.907760355715281e-06
1.0307938000194361e+19,4.285206593972948e-18,4.285206593972948e-16,5537.364107421692,1.0655289480703835e-09,0.0,5.128856209121483e-06,4.285206593972949e-14,2.651419529191031e-06
1.1304515613672411e+19,3.907433577717665e-18,3.907433577717665e-16,6072.719782536276,1.0700386247858282e-09,0.0,5.128856209121483e-06,3.907433577717665e-14,2.4176770640530755e-06
1.2397442947110752e+19,3.5629640787329846e-18,3.5629640787329844e-16,6659.833964644032,1.074558532846096e-09,0.0,5.128856209121483e-06,3.562964078732985e-14,2.20454074570072e-06
1.3596035149084627e+19,3.2488621428483966e-18,3.2488621428483964e-16,7303.710697170025,1.0790886722511868e-09,0.0,5.128856209121483e-06,3.2488621428483967e-14,2.010193988152917e-06
1.4910507962307232e+19,2.9624506422155545e-18,2.9624506422155544e-16,8009.837817451815,1.0836290430010997e-09,0.0,5.128856209121483e-06,2.9624506422155544e-14,1.8329803510715915e-06
1.6352064793609767e+19,2.701288457831886e-18,2.7012884578318853e-16,8784.233730224349,1.0881796450958357e-09,0.0,5.128856209121483e-06,2.701288457831886e-14,1.6713894217252756e-06
1.7932992201899203e+19,2.4631496735954182e-18,2.463149673595418e-16,9633.498703193341,1.0927404785353942e-09,0.0,5.128856209121483e-06,2.4631496735954182e-14,1.5240439415632602e-06
1.9666764617949233e+19,2.2460046045592643e-18,2.246004604559264e-16,10564.87112189553,1.0973115433197755e-09,0.0,5.128856209121483e-06,2.2460046045592646e-14,1.389688067678495e-06
2.1568159188562784e+19,2.0480024976874544e-18,2.0480024976874542e-16,11586.28918331222,1.101892839448979e-09,0.0,5.128856209121483e-06,2.0480024976874546e-14,1.2671766691103914e-06
2.3653381723937894e+19,1.867455757668437e-18,1.8674557576684368e-16,12706.45855405885,1.1064843669230055e-09,0.0,5.128856209121483e-06,1.8674557576684368e-14,1.1554655667585263e-06
2.594020482169857e+19,1.7028255633412857e-18,1.7028255633412858e-16,13934.926569807885,1.1110861257418548e-09,0.0,5.128856209121483e-06,1.702825563341286e-14,1.0536026337210722e-06
2.8448119344841347e+19,1.5527087521413639e-18,1.552708752141364e-16,15282.16360835726,1.1156981159055264e-09,0.0,5.128856209121483e-06,1.552708752141364e-14,9.6071968020486e-07
3.1198500544659284e+19,1.41582586078031e-18,1.41582586078031e-16,16759.652329895176,1.120320337414021e-09,0.0,5.128856209121483e-06,1.4158258607803102e-14,8.760250538413863e-07
3.42147902445301e+19,1.2910102202295074e-18,1.2910102202295072e-16,18379.985545067353,1.1249527902673383e-09,0.0,5.128856209121483e-06,1.2910102202295073e-14,7.987968923402945e-07
