type,name,M,q_m,L_j,Gamma_b,theta,m,n,n_2,s,q_rel,a,E_min_gev,E_max_gev,xi_j,PH_Ei,PH_Ef
FR 0,SDSS J010852.48-003919.4,1.99e+08,0.40,7.41e+42,3,20,1.5,1.0e-4,0.01,2.0,0.05,0.01,0.05,200,3.0,-5,10
FR 0,SDSS J011204.61-001442.4,1.99e+08,0.40,1.02e+43,3,20,1.5,1.0e-4,0.01,2.0,0.05,0.01,0.05,200,3.0,-5,10
FR 0,SDSS J011515.78+001248.4,3.16e+08,0.40,1.91e+43,3,20,1.5,1.0e-4,0.01,2.0,0.05,0.01,0.05,200,3.0,-5,10
FR 0,SDSS J015127.10-083019.3,1.00e+08,0.40,4.68e+42,3,20,1.5,1.0e-4,0.01,2.0,0.05,0.01,0.05,200,3.0,-5,10
FR 0,SDSS J020835.81-083754.8,3.16e+08,0.40,9.77e+42,3,20,1.5,1.0e-4,0.01,2.0,0.05,0.01,0.05,200,3.0,-5,10
FR 0,SDSS J075354.98+130916.5,7.94e+08,0.40,6.31e+42,3,20,1.5,1.0e-4,0.01,2.0,0.05,0.01,0.05,200,3.0,-5,10
FR 0,SDSS J080716.58+145703.3,1.99e+08,0.40,7.76e+42,3,20,1.5,1.0e-4,0.01,2.0,0.05,0.01,0.05,200,3.0,-5,10
FR 0,SDSS J083158.49+562052.3,1.99e+08,0.40,6.61e+42,3,20,1.5,1.0e-4,0.01,2.0,0.05,0.01,0.05,200,3.0,-5,10
FR 0,SDSS J083511.98+051829.2,3.16e+08,0.40,7.41e+42,3,20,1.5,1.0e-4,0.01,2.0,0.05,0.01,0.05,200,3.0,-5,10
FR 0,SDSS J084102.73+595610.5,2.51e+08,0.40,5.13e+42,3,20,1.5,1.0e-4,0.01,2.0,0.05,0.01,0.05,200,3.0,-5,10
FR 0,SDSS J101329.65+075415.6,5.01e+08,0.40,6.17e+42,3,20,1.5,1.0e-4,0.01,2.0,0.05,0.01,0.05,200,3.0,-5,10
FR 0,SDSS J101806.67+000559.7,5.01e+07,0.40,9.77e+42,3,20,1.5,1.0e-4,0.01,2.0,0.05,0.01,0.05,200,3.0,-5,10
FR 0,SDSS J102403.28+420629.8,1.58e+08,0.40,4.79e+42,3,20,1.5,1.0e-4,0.01,2.0,0.05,0.01,0.05,200,3.0,-5,10
FR 0,SDSS J102511.50+171519.9,7.94e+08,0.40,7.08e+42,3,20,1.5,1.0e-4,0.01,2.0,0.05,0.01,0.05,200,3.0,-5,10
FR 0,SDSS J102544.22+102230.4,3.16e+08,0.40,2.88e+43,3,20,1.5,1.0e-4,0.01,2.0,0.05,0.01,0.05,200,3.0,-5,10
FR 0,SDSS J103719.33+433515.3,2.51e+08,0.40,1.82e+43,3,20,1.5,1.0e-4,0.01,2.0,0.05,0.01,0.05,200,3.0,-5,10
FR 0,SDSS J103952.47+205049.3,1.26e+08,0.40,5.62e+42,3,20,1.5,1.0e-4,0.01,2.0,0.05,0.01,0.05,200,3.0,-5,10
FR 0,SDSS J112727.52+400409.4,3.98e+07,0.40,6.17e+42,3,20,1.5,1.0e-4,0.01,2.0,0.05,0.01,0.05,200,3.0,-5,10
FR 0,SDSS J113449.29+490439.4,6.31e+08,0.40,1.02e+43,3,20,1.5,1.0e-4,0.01,2.0,0.05,0.01,0.05,200,3.0,-5,10
FR 0,SDSS J113637.14+510008.5,1.99e+08,0.40,7.59e+42,3,20,1.5,1.0e-4,0.01,2.0,0.05,0.01,0.05,200,3.0,-5,10
FR 0,SDSS J114230.94-021505.3,1.99e+08,0.40,6.92e+42,3,20,1.5,1.0e-4,0.01,2.0,0.05,0.01,0.05,200,3.0,-5,10
FR 0,SDSS J114232.84+262919.9,1.00e+09,0.40,1.07e+43,3,20,1.5,1.0e-4,0.01,2.0,0.05,0.01,0.05,200,3.0,-5,10
FR 0,SDSS J114804.60+372638.0,5.01e+08,0.40,1.32e+43,3,20,1.5,1.0e-4,0.01,2.0,0.05,0.01,0.05,200,3.0,-5,10
FR 0,SDSS J115531.39+545200.4,2.51e+08,0.40,1.78e+43,3,20,1.5,1.0e-4,0.01,2.0,0.05,0.01,0.05,200,3.0,-5,10
FR 0,SDSS J120551.46+203119.0,1.00e+08,0.40,1.32e+43,3,20,1.5,1.0e-4,0.01,2.0,0.05,0.01,0.05,200,3.0,-5,10
FR 0,SDSS J120607.81+400902.6,2.51e+08,0.40,5.25e+42,3,20,1.5,1.0e-4,0.01,2.0,0.05,0.01,0.05,200,3.0,-5,10
FR 0,SDSS J121329.27+504429.4,5.01e+08,0.40,1.95e+43,3,20,1.5,1.0e-4,0.01,2.0,0.05,0.01,0.05,200,3.0,-5,10
FR 0,SDSS J121951.65+282521.3,2.51e+08,0.40,3.16e+42,3,20,1.5,1.0e-4,0.01,2.0,0.05,0.01,0.05,200,3.0,-5,10
FR 0,SDSS J122421.31+600641.2,5.01e+08,0.40,4.90e+42,3,20,1.5,1.0e-4,0.01,2.0,0.05,0.01,0.05,200,3.0,-5,10
FR 0,SDSS J123011.85+470022.7,2.51e+08,0.40,2.63e+43,3,20,1.5,1.0e-4,0.01,2.0,0.05,0.01,0.05,200,3.0,-5,10
FR 0,SDSS J124318.73+033300.6,1.99e+08,0.40,2.69e+43,3,20,1.5,1.0e-4,0.01,2.0,0.05,0.01,0.05,200,3.0,-5,10
FR 0,SDSS J124633.75+115347.8,3.98e+08,0.40,2.57e+43,3,20,1.5,1.0e-4,0.01,2.0,0.05,0.01,0.05,200,3.0,-5,10
FR 0,SDSS J125027.42+001345.6,1.26e+08,0.40,2.40e+43,3,20,1.5,1.0e-4,0.01,2.0,0.05,0.01,0.05,200,3.0,-5,10
FR 0,SDSS J125409.12-011527.1,1.26e+08,0.40,6.31e+42,3,20,1.5,1.0e-4,0.01,2.0,0.05,0.01,0.05,200,3.0,-5,10
FR 0,SDSS J130404.99+075428.4,5.01e+08,0.40,7.59e+42,3,20,1.5,1.0e-4,0.01,2.0,0.05,0.01,0.05,200,3.0,-5,10