type,name,M,q_m,L_j,Gamma_b,theta,m,n,n_2,s,q_rel,a,E_min_gev,E_max_gev,xi_j,PH_Ei,PH_Ef
FR 0,SDSS J010852.48-003919.4,1.99e+08,0.40,7.41e+42,3,20,1.5,1.0e-4,0.01,2.0,0.05,40.0,0.05,200,3.0,-5,10
FR 0,SDSS J011204.61-001442.4,1.99e+08,0.40,1.02e+43,3,20,1.5,1.0e-4,0.01,2.0,0.05,40.0,0.05,200,3.0,-5,10
FR 0,SDSS J011515.78+001248.4,3.16e+08,0.40,1.91e+43,3,20,1.5,1.0e-4,0.01,2.0,0.05,40.0,0.05,200,3.0,-5,10
FR 0,SDSS J015127.10-083019.3,1.00e+08,0.40,4.68e+42,3,20,1.5,1.0e-4,0.01,2.0,0.05,40.0,0.05,200,3.0,-5,10
FR 0,SDSS J020835.81-083754.8,3.16e+08,0.40,9.77e+42,3,20,1.5,1.0e-4,0.01,2.0,0.05,40.0,0.05,200,3.0,-5,10
FR 0,SDSS J075354.98+130916.5,7.94e+08,0.40,6.31e+42,3,20,1.5,1.0e-4,0.01,2.0,0.05,40.0,0.05,200,3.0,-5,10
FR 0,SDSS J080716.58+145703.3,1.99e+08,0.40,7.76e+42,3,20,1.5,1.0e-4,0.01,2.0,0.05,40.0,0.05,200,3.0,-5,10
FR 0,SDSS J083158.49+562052.3,1.99e+08,0.40,6.61e+42,3,20,1.5,1.0e-4,0.01,2.0,0.05,40.0,0.05,200,3.0,-5,10
FR 0,SDSS J083511.98+051829.2,3.16e+08,0.40,7.41e+42,3,20,1.5,1.0e-4,0.01,2.0,0.05,40.0,0.05,200,3.0,-5,10
FR 0,SDSS J084102.73+595610.5,2.51e+08,0.40,5.13e+42,3,20,1.5,1.0e-4,0.01,2.0,0.05,40.0,0.05,200,3.0,-5,10
FR 0,SDSS J084701.88+100106.6,3.16e+08,0.40,1.38e+43,3,20,1.5,1.0e-4,0.01,2.0,0.05,40.0,0.05,200,3.0,-5,10
FR 0,SDSS J090652.79+412429.7,1.00e+08,0.40,1.07e+43,3,20,1.5,1.0e-4,0.01,2.0,0.05,40.0,0.05,200,3.0,-5,10
FR 0,SDSS J090734.91+325722.9,5.01e+07,0.40,2.29e+43,3,20,1.5,1.0e-4,0.01,2.0,0.05,40.0,0.05,200,3.0,-5,10
FR 0,SDSS J090937.44+192808.2,2.51e+08,0.40,1.35e+43,3,20,1.5,1.0e-4,0.01,2.0,0.05,40.0,0.05,200,3.0,-5,10
FR 0,SDSS J091039.92+184147.6,1.26e+08,0.40,1.10e+43,3,20,1.5,1.0e-4,0.01,2.0,0.05,40.0,0.05,200,3.0,-5,10
FR 0,SDSS J091601.78+173523.3,1.99e+08,0.40,7.08e+42,3,20,1.5,1.0e-4,0.01,2.0,0.05,40.0,0.05,200,3.0,-5,10
FR 0,SDSS J091754.25+133145.5,1.00e+08,0.40,1.45e+43,3,20,1.5,1.0e-4,0.01,2.0,0.05,40.0,0.05,200,3.0,-5,10
FR 0,SDSS J093003.56+341325.3,2.51e+08,0.40,1.45e+43,3,20,1.5,1.0e-4,0.01,2.0,0.05,40.0,0.05,200,3.0,-5,10
FR 0,SDSS J093346.08+100909.0,1.58e+08,0.40,3.31e+42,3,20,1.5,1.0e-4,0.01,2.0,0.05,40.0,0.05,200,3.0,-5,10
FR 0,SDSS J093938.62+385358.6,1.26e+08,0.40,5.25e+42,3,20,1.5,1.0e-4,0.01,2.0,0.05,40.0,0.05,200,3.0,-5,10
FR 0,SDSS J094319.15+361452.1,7.94e+07,0.40,1.02e+43,3,20,1.5,1.0e-4,0.01,2.0,0.05,40.0,0.05,200,3.0,-5,10
FR 0,SDSS J100549.83+003800.0,6.31e+08,0.40,4.47e+42,3,20,1.5,1.0e-4,0.01,2.0,0.05,40.0,0.05,200,3.0,-5,10
FR 0,SDSS J101329.65+075415.6,5.01e+08,0.40,6.17e+42,3,20,1.5,1.0e-4,0.01,2.0,0.05,40.0,0.05,200,3.0,-5,10
FR 0,SDSS J101806.67+000559.7,5.01e+07,0.40,9.77e+42,3,20,1.5,1.0e-4,0.01,2.0,0.05,40.0,0.05,200,3.0,-5,10
FR 0,SDSS J102403.28+420629.8,1.58e+08,0.40,4.79e+42,3,20,1.5,1.0e-4,0.01,2.0,0.05,40.0,0.05,200,3.0,-5,10
FR 0,SDSS J102511.50+171519.9,7.94e+08,0.40,7.08e+42,3,20,1.5,1.0e-4,0.01,2.0,0.05,40.0,0.05,200,3.0,-5,10
FR 0,SDSS J102544.22+102230.4,3.16e+08,0.40,2.88e+43,3,20,1.5,1.0e-4,0.01,2.0,0.05,40.0,0.05,200,3.0,-5,10
FR 0,SDSS J103719.33+433515.3,2.51e+08,0.40,1.82e+43,3,20,1.5,1.0e-4,0.01,2.0,0.05,40.0,0.05,200,3.0,-5,10
FR 0,SDSS J103952.47+205049.3,1.26e+08,0.40,5.62e+42,3,20,1.5,1.0e-4,0.01,2.0,0.05,40.0,0.05,200,3.0,-5,10
FR 0,SDSS J104028.37+091057.1,1.99e+08,0.40,7.94e+42,3,20,1.5,1.0e-4,0.01,2.0,0.05,40.0,0.05,200,3.0,-5,10
FR 0,SDSS J104403.68+435412.0,1.58e+08,0.40,6.92e+42,3,20,1.5,1.0e-4,0.01,2.0,0.05,40.0,0.05,200,3.0,-5,10
FR 0,SDSS J104811.90+045954.8,1.26e+08,0.40,1.41e+43,3,20,1.5,1.0e-4,0.01,2.0,0.05,40.0,0.05,200,3.0,-5,10
FR 0,SDSS J104852.92+480314.8,1.26e+08,0.40,9.55e+42,3,20,1.5,1.0e-4,0.01,2.0,0.05,40.0,0.05,200,3.0,-5,10
FR 0,SDSS J105731.16+405646.1,5.01e+08,0.40,8.71e+42,3,20,1.5,1.0e-4,0.01,2.0,0.05,40.0,0.05,200,3.0,-5,10
FR 0,SDSS J111113.18+284147.0,1.99e+08,0.40,1.00e+43,3,20,1.5,1.0e-4,0.01,2.0,0.05,40.0,0.05,200,3.0,-5,10
FR 0,SDSS J111622.70+291508.2,5.01e+08,0.40,2.69e+43,3,20,1.5,1.0e-4,0.01,2.0,0.05,40.0,0.05,200,3.0,-5,10
FR 0,SDSS J111700.10+323550.9,1.58e+08,0.40,7.24e+42,3,20,1.5,1.0e-4,0.01,2.0,0.05,40.0,0.05,200,3.0,-5,10
FR 0,SDSS J112029.23+040742.1,2.51e+08,0.40,6.76e+42,3,20,1.5,1.0e-4,0.01,2.0,0.05,40.0,0.05,200,3.0,-5,10
FR 0,SDSS J112256.47+340641.3,5.01e+08,0.40,9.33e+42,3,20,1.5,1.0e-4,0.01,2.0,0.05,40.0,0.05,200,3.0,-5,10
FR 0,SDSS J112625.19+520503.5,7.94e+07,0.40,7.24e+42,3,20,1.5,1.0e-4,0.01,2.0,0.05,40.0,0.05,200,3.0,-5,10
FR 0,SDSS J112727.52+400409.4,3.98e+07,0.40,6.17e+42,3,20,1.5,1.0e-4,0.01,2.0,0.05,40.0,0.05,200,3.0,-5,10
FR 0,SDSS J113449.29+490439.4,6.31e+08,0.40,1.02e+43,3,20,1.5,1.0e-4,0.01,2.0,0.05,40.0,0.05,200,3.0,-5,10
FR 0,SDSS J113637.14+510008.5,1.99e+08,0.40,7.59e+42,3,20,1.5,1.0e-4,0.01,2.0,0.05,40.0,0.05,200,3.0,-5,10
FR 0,SDSS J114230.94-021505.3,1.99e+08,0.40,6.92e+42,3,20,1.5,1.0e-4,0.01,2.0,0.05,40.0,0.05,200,3.0,-5,10
FR 0,SDSS J114232.84+262919.9,1.00e+09,0.40,1.07e+43,3,20,1.5,1.0e-4,0.01,2.0,0.05,40.0,0.05,200,3.0,-5,10
FR 0,SDSS J114804.60+372638.0,5.01e+08,0.40,1.32e+43,3,20,1.5,1.0e-4,0.01,2.0,0.05,40.0,0.05,200,3.0,-5,10
FR 0,SDSS J115531.39+545200.4,2.51e+08,0.40,1.78e+43,3,20,1.5,1.0e-4,0.01,2.0,0.05,40.0,0.05,200,3.0,-5,10
FR 0,SDSS J120551.46+203119.0,1.00e+08,0.40,1.32e+43,3,20,1.5,1.0e-4,0.01,2.0,0.05,40.0,0.05,200,3.0,-5,10
FR 0,SDSS J120607.81+400902.6,2.51e+08,0.40,5.25e+42,3,20,1.5,1.0e-4,0.01,2.0,0.05,40.0,0.05,200,3.0,-5,10
FR 0,SDSS J121329.27+504429.4,5.01e+08,0.40,1.95e+43,3,20,1.5,1.0e-4,0.01,2.0,0.05,40.0,0.05,200,3.0,-5,10
FR 0,SDSS J121951.65+282521.3,2.51e+08,0.40,3.16e+42,3,20,1.5,1.0e-4,0.01,2.0,0.05,0.01,0.05,200,3.0,-5,10
FR 0,SDSS J122421.31+600641.2,5.01e+08,0.40,4.90e+42,3,20,1.5,1.0e-4,0.01,2.0,0.05,0.01,0.05,200,3.0,-5,10
FR 0,SDSS J123011.85+470022.7,2.51e+08,0.40,2.63e+43,3,20,1.5,1.0e-4,0.01,2.0,0.05,0.01,0.05,200,3.0,-5,10
FR 0,SDSS J124318.73+033300.6,1.99e+08,0.40,2.69e+43,3,20,1.5,1.0e-4,0.01,2.0,0.05,0.01,0.05,200,3.0,-5,10
FR 0,SDSS J124633.75+115347.8,3.98e+08,0.40,2.57e+43,3,20,1.5,1.0e-4,0.01,2.0,0.05,0.01,0.05,200,3.0,-5,10
FR 0,SDSS J125027.42+001345.6,1.26e+08,0.40,2.40e+43,3,20,1.5,1.0e-4,0.01,2.0,0.05,0.01,0.05,200,3.0,-5,10
FR 0,SDSS J125409.12-011527.1,1.26e+08,0.40,6.31e+42,3,20,1.5,1.0e-4,0.01,2.0,0.05,0.01,0.05,200,3.0,-5,10
FR 0,SDSS J130404.99+075428.4,5.01e+08,0.40,7.59e+42,3,20,1.5,1.0e-4,0.01,2.0,0.05,0.01,0.05,200,3.0,-5,10
FR 0,SDSS J130837.91+434415.1,3.98e+08,0.40,1.70e+43,3,20,1.5,1.0e-4,0.01,2.0,0.05,0.01,0.05,200,3.0,-5,10
FR 0,SDSS J133042.51+323249.0,7.94e+07,0.40,7.08e+42,3,20,1.5,1.0e-4,0.01,2.0,0.05,0.01,0.05,200,3.0,-5,10
FR 0,SDSS J133455.94+134431.7,5.01e+08,0.40,7.08e+42,3,20,1.5,1.0e-4,0.01,2.0,0.05,0.01,0.05,200,3.0,-5,10
FR 0,SDSS J133621.18+031951.0,1.58e+08,0.40,5.89e+42,3,20,1.5,1.0e-4,0.01,2.0,0.05,0.01,0.05,200,3.0,-5,10
FR 0,SDSS J133737.49+155820.0,3.98e+08,0.40,6.46e+42,3,20,1.5,1.0e-4,0.01,2.0,0.05,0.01,0.05,200,3.0,-5,10
FR 0,SDSS J134159.72+294653.5,1.26e+08,0.40,7.24e+42,3,20,1.5,1.0e-4,0.01,2.0,0.05,0.01,0.05,200,3.0,-5,10
FR 0,SDSS J135036.01+334217.3,1.26e+08,0.40,6.76e+42,3,20,1.5,1.0e-4,0.01,2.0,0.05,0.01,0.05,200,3.0,-5,10
FR 0,SDSS J135226.71+140528.5,7.94e+08,0.40,5.25e+42,3,20,1.5,1.0e-4,0.01,2.0,0.05,0.01,0.05,200,3.0,-5,10
FR 0,SDSS J140528.32+304602.0,2.51e+07,0.40,2.57e+42,3,20,1.5,1.0e-4,0.01,2.0,0.05,0.01,0.05,200,3.0,-5,10
FR 0,SDSS J141451.35+030751.2,1.58e+08,0.40,6.03e+42,3,20,1.5,1.0e-4,0.01,2.0,0.05,0.01,0.05,200,3.0,-5,10
FR 0,SDSS J141517.98-022641.0,5.01e+08,0.40,1.15e+43,3,20,1.5,1.0e-4,0.01,2.0,0.05,0.01,0.05,200,3.0,-5,10
FR 0,SDSS J142724.23+372817.0,6.31e+08,0.40,7.24e+42,3,20,1.5,1.0e-4,0.01,2.0,0.05,0.01,0.05,200,3.0,-5,10
FR 0,SDSS J143156.59+164615.4,3.98e+08,0.40,7.08e+42,3,20,1.5,1.0e-4,0.01,2.0,0.05,0.01,0.05,200,3.0,-5,10
FR 0,SDSS J143312.96+525747.3,2.51e+08,0.40,1.02e+43,3,20,1.5,1.0e-4,0.01,2.0,0.05,0.01,0.05,200,3.0,-5,10
FR 0,SDSS J143424.79+024756.2,1.26e+08,0.40,2.95e+42,3,20,1.5,1.0e-4,0.01,2.0,0.05,0.01,0.05,200,3.0,-5,10
FR 0,SDSS J143620.38+051951.5,5.01e+08,0.40,5.89e+42,3,20,1.5,1.0e-4,0.01,2.0,0.05,0.01,0.05,200,3.0,-5,10
FR 0,SDSS J144745.52+132032.2,1.00e+08,0.40,5.25e+42,3,20,1.5,1.0e-4,0.01,2.0,0.05,0.01,0.05,200,3.0,-5,10
FR 0,SDSS J145216.49+121711.5,1.00e+08,0.40,3.63e+42,3,20,1.5,1.0e-4,0.01,2.0,0.05,0.01,0.05,200,3.0,-5,10
FR 0,SDSS J145243.25+165413.4,5.01e+08,0.40,1.07e+43,3,20,1.5,1.0e-4,0.01,2.0,0.05,0.01,0.05,200,3.0,-5,10
FR 0,SDSS J145616.20+203120.6,1.00e+09,0.40,1.35e+43,3,20,1.5,1.0e-4,0.01,2.0,0.05,0.01,0.05,200,3.0,-5,10
FR 0,SDSS J150152.30+174228.2,1.99e+08,0.40,1.15e+43,3,20,1.5,1.0e-4,0.01,2.0,0.05,0.01,0.05,200,3.0,-5,10
FR 0,SDSS J150425.68+074929.7,1.99e+08,0.40,6.76e+42,3,20,1.5,1.0e-4,0.01,2.0,0.05,0.01,0.05,200,3.0,-5,10
FR 0,SDSS J150601.89+084723.2,2.51e+08,0.40,6.46e+42,3,20,1.5,1.0e-4,0.01,2.0,0.05,0.01,0.05,200,3.0,-5,10
FR 0,SDSS J150636.57+092618.3,3.16e+07,0.40,7.24e+42,3,20,1.5,1.0e-4,0.01,2.0,0.05,0.01,0.05,200,3.0,-5,10
FR 0,SDSS J150808.25+265457.6,1.26e+08,0.40,7.41e+42,3,20,1.5,1.0e-4,0.01,2.0,0.05,0.01,0.05,200,3.0,-5,10
FR 0,SDSS J152010.94+254319.3,3.98e+08,0.40,7.24e+42,3,20,1.5,1.0e-4,0.01,2.0,0.05,0.01,0.05,200,3.0,-5,10
FR 0,SDSS J152151.85+074231.7,3.98e+08,0.40,7.59e+42,3,20,1.5,1.0e-4,0.01,2.0,0.05,0.01,0.05,200,3.0,-5,10
FR 0,SDSS J153016.15+270551.0,1.58e+08,0.40,5.62e+42,3,20,1.5,1.0e-4,0.01,2.0,0.05,0.01,0.05,200,3.0,-5,10
FR 0,SDSS J154147.28+453321.7,1.99e+08,0.40,5.01e+42,3,20,1.5,1.0e-4,0.01,2.0,0.05,0.01,0.05,200,3.0,-5,10
FR 0,SDSS J154426.93+470024.2,3.98e+08,0.40,8.13e+42,3,20,1.5,1.0e-4,0.01,2.0,0.05,0.01,0.05,200,3.0,-5,10
FR 0,SDSS J154451.23+433050.6,1.99e+08,0.40,5.89e+42,3,20,1.5,1.0e-4,0.01,2.0,0.05,0.01,0.05,200,3.0,-5,10
FR 0,SDSS J155951.61+255626.3,3.16e+08,0.40,4.37e+43,3,20,1.5,1.0e-4,0.01,2.0,0.05,0.01,0.05,200,3.0,-5,10
FR 0,SDSS J155953.99+444232.4,1.00e+08,0.40,2.14e+43,3,20,1.5,1.0e-4,0.01,2.0,0.05,0.01,0.05,200,3.0,-5,10
FR 0,SDSS J160426.51+174431.1,1.99e+08,0.40,2.88e+43,3,20,1.5,1.0e-4,0.01,2.0,0.05,0.01,0.05,200,3.0,-5,10
FR 0,SDSS J160523.84+143851.6,3.98e+08,0.40,5.62e+42,3,20,1.5,1.0e-4,0.01,2.0,0.05,0.01,0.05,200,3.0,-5,10
FR 0,SDSS J160641.83+084436.8,1.00e+08,0.40,7.08e+42,3,20,1.5,1.0e-4,0.01,2.0,0.05,0.01,0.05,200,3.0,-5,10
FR 0,SDSS J161238.84+293836.9,3.16e+08,0.40,8.71e+42,3,20,1.5,1.0e-4,0.01,2.0,0.05,0.01,0.05,200,3.0,-5,10
FR 0,SDSS J161256.85+095201.5,1.58e+08,0.40,3.09e+42,3,20,1.5,1.0e-4,0.01,2.0,0.05,0.01,0.05,200,3.0,-5,10
FR 0,SDSS J162146.06+254914.4,1.26e+08,0.40,7.24e+42,3,20,1.5,1.0e-4,0.01,2.0,0.05,0.01,0.05,200,3.0,-5,10
FR 0,SDSS J162846.13+252940.9,3.16e+08,0.40,1.12e+43,3,20,1.5,1.0e-4,0.01,2.0,0.05,0.01,0.05,200,3.0,-5,10
FR 0,SDSS J162944.98+404841.6,3.98e+08,0.40,3.24e+42,3,20,1.5,1.0e-4,0.01,2.0,0.05,0.01,0.05,200,3.0,-5,10
FR 0,SDSS J164925.86+360321.3,1.26e+08,0.40,4.90e+42,3,20,1.5,1.0e-4,0.01,2.0,0.05,0.01,0.05,200,3.0,-5,10
FR 0,SDSS J165830.05+252324.9,1.99e+08,0.40,5.50e+42,3,20,1.5,1.0e-4,0.01,2.0,0.05,0.01,0.05,200,3.0,-5,10
FR 0,SDSS J170358.49+241039.5,6.31e+08,0.40,9.33e+42,3,20,1.5,1.0e-4,0.01,2.0,0.05,0.01,0.05,200,3.0,-5,10
FR 0,SDSS J171522.97+572440.2,6.31e+08,0.40,1.15e+43,3,20,1.5,1.0e-4,0.01,2.0,0.05,0.01,0.05,200,3.0,-5,10
FR 0,SDSS J172215.41+304239.8,3.98e+08,0.40,6.31e+42,3,20,1.5,1.0e-4,0.01,2.0,0.05,0.01,0.05,200,3.0,-5,10